001738-000132-multires 25351 50702 0
001738-000132-multires 27079 50413 0
001738-000132-multires 27943 49261 0
001738-000132-multires 27943 49837 0
001738-000132-multires 24774 49549 0
001738-000132-multires 28519 48109 0
001738-000132-multires 26791 50702 0
001738-000132-multires 25062 50702 0
001738-000132-multires 27655 48685 0
001738-000132-multires 25927 50413 0
001738-000132-multires 26215 50125 0
001738-000132-multires 27367 48109 0
001738-000132-multires 29384 48973 0
001738-000132-multires 25062 48397 0
001738-000132-multires 27367 48397 0
001738-000132-multires 25351 50125 0
001738-000132-multires 26503 50413 0
001738-000132-multires 28807 49261 0
001738-000132-multires 27079 50125 0
001738-000132-multires 24486 49261 0
001738-000132-multires 26889 49171 0
001738-000132-multires 40907 36298 1
001738-000132-multires 38026 33993 1
001738-000132-multires 44652 31688 1
001738-000132-multires 30248 33705 1
001738-000132-multires 23910 35721 1
001738-000132-multires 46092 26215 1
001738-000132-multires 46668 24198 1
001738-000132-multires 21029 38314 1
001738-000132-multires 19589 38602 1
001738-000132-multires 45804 24486 1
001738-000132-multires 22470 36586 1
001738-000132-multires 23622 35433 1
001738-000132-multires 37738 33417 1
001738-000132-multires 38602 33993 1
001738-000132-multires 22182 37450 1
001738-000132-multires 31400 34281 1
001738-000132-multires 22758 35721 1
001738-000132-multires 46092 22758 1
001738-000132-multires 25351 27655 1
001738-000132-multires 31112 34569 1
001738-000132-multires 20075 40256 1
001738-000132-multires 20183 38313 1
001738-000132-multires 26955 35717 1
001738-000132-multires 41094 35997 1
001738-000132-multires 22300 35944 1
001738-000132-multires 29907 34230 1
001738-000132-multires 38252 33754 1
001738-000132-multires 39694 34632 1
001738-000132-multires 29283 32222 1
001738-000132-multires 44993 31581 1
001738-000132-multires 27515 26968 1
001738-000132-multires 25903 27204 1
001738-000132-multires 45982 24919 1
