001738-000138-multires 10660 6338 0
001738-000138-multires 8644 5474 0
001738-000138-multires 11525 5474 0
001738-000138-multires 10949 4898 0
001738-000138-multires 10660 6050 0
001738-000138-multires 12101 5762 0
001738-000138-multires 10084 6050 0
001738-000138-multires 11813 5186 0
001738-000138-multires 8932 4610 0
001738-000138-multires 9796 6050 0
001738-000138-multires 9220 6050 0
001738-000138-multires 10660 5762 0
001738-000138-multires 12389 4898 0
001738-000138-multires 9508 4610 0
001738-000138-multires 9796 5186 0
001738-000138-multires 11237 5474 0
001738-000138-multires 9220 5762 0
001738-000138-multires 12101 4898 0
001738-000138-multires 10949 5186 0
001738-000138-multires 9508 5762 0
001738-000138-multires 10185 5412 0
001738-000138-multires 34576 16135 3
001738-000138-multires 30542 16999 3
001738-000138-multires 90185 14118 3
001738-000138-multires 34864 15847 3
001738-000138-multires 33711 14118 3
001738-000138-multires 22762 12389 3
001738-000138-multires 33711 15559 3
001738-000138-multires 30254 16711 3
001738-000138-multires 96812 15847 3
001738-000138-multires 34576 13830 3
001738-000138-multires 94219 17576 3
001738-000138-multires 87592 16999 3
001738-000138-multires 21321 12389 3
001738-000138-multires 33711 17288 3
001738-000138-multires 33711 15271 3
001738-000138-multires 34864 16135 3
001738-000138-multires 34576 16711 3
001738-000138-multires 22186 11813 3
001738-000138-multires 29677 16423 3
001738-000138-multires 96524 17576 3
001738-000138-multires 95813 18755 3
001738-000138-multires 97185 18615 3
001738-000138-multires 24894 17798 3
001738-000138-multires 97225 17461 3
001738-000138-multires 96393 17552 3
001738-000138-multires 93893 17436 3
001738-000138-multires 33756 17164 3
001738-000138-multires 87419 16931 3
001738-000138-multires 30537 16807 3
001738-000138-multires 25042 16646 3
001738-000138-multires 98731 16046 3
001738-000138-multires 29605 16224 3
001738-000138-multires 23211 16186 3
001738-000138-multires 87808 16024 3
001738-000138-multires 99737 15641 3
001738-000138-multires 34567 16263 3
001738-000138-multires 87336 15287 3
001738-000138-multires 89013 14850 3
001738-000138-multires 36998 15021 3
001738-000138-multires 96602 15374 3
001738-000138-multires 36185 14783 3
001738-000138-multires 86775 14726 3
001738-000138-multires 17253 14570 3
001738-000138-multires 98387 14650 3
001738-000138-multires 99508 14567 3
001738-000138-multires 15477 13915 3
001738-000138-multires 33590 14949 3
001738-000138-multires 36659 13942 3
001738-000138-multires 14277 14033 3
001738-000138-multires 89978 13943 3
001738-000138-multires 13422 13613 3
001738-000138-multires 34843 13901 3
001738-000138-multires 16123 13530 3
001738-000138-multires 17785 13515 3
001738-000138-multires 90268 13164 3
001738-000138-multires 15125 12769 3
001738-000138-multires 12479 12827 3
001738-000138-multires 12904 12242 3
001738-000138-multires 86300 12349 3
001738-000138-multires 13860 11952 3
001738-000138-multires 13317 11956 3
001738-000138-multires 22200 10900 3
001738-000138-multires 23153 10874 3
001738-000138-multires 21988 12155 3
001738-000138-multires 86558 10234 3
001738-000138-multires 33735 10536 3
001738-000138-multires 34243 8061 3
001738-000138-multires 33257 7606 3
001738-000138-multires 23626 12389 4
001738-000138-multires 22186 11237 4
001738-000138-multires 24491 16135 4
001738-000138-multires 23915 15847 4
001738-000138-multires 21898 7491 4
001738-000138-multires 22474 10084 4
001738-000138-multires 21033 7779 4
001738-000138-multires 23338 12389 4
001738-000138-multires 21321 7779 4
001738-000138-multires 21610 7779 4
001738-000138-multires 23915 6338 4
001738-000138-multires 13830 13830 4
001738-000138-multires 17576 13542 4
001738-000138-multires 23626 15559 4
001738-000138-multires 23915 6050 4
001738-000138-multires 22762 11813 4
001738-000138-multires 24491 15847 4
001738-000138-multires 23338 12677 4
001738-000138-multires 23050 6338 4
001738-000138-multires 17864 13830 4
001738-000138-multires 24747 18072 4
001738-000138-multires 24118 17894 4
001738-000138-multires 24878 17405 4
001738-000138-multires 33323 17083 4
001738-000138-multires 24424 16265 4
001738-000138-multires 25013 16615 4
001738-000138-multires 36265 15211 4
001738-000138-multires 35896 14836 4
001738-000138-multires 37719 14699 4
001738-000138-multires 36438 14625 4
001738-000138-multires 36256 14566 4
001738-000138-multires 14134 14566 4
001738-000138-multires 17242 14554 4
001738-000138-multires 33944 14291 4
001738-000138-multires 33279 14198 4
001738-000138-multires 36903 13881 4
001738-000138-multires 13179 13883 4
001738-000138-multires 14779 14119 4
001738-000138-multires 13775 13832 4
001738-000138-multires 36487 13741 4
001738-000138-multires 24328 13732 4
001738-000138-multires 14588 13595 4
001738-000138-multires 21181 13545 4
001738-000138-multires 21814 13533 4
001738-000138-multires 13474 13362 4
001738-000138-multires 13286 13286 4
001738-000138-multires 16101 13543 4
001738-000138-multires 17932 13492 4
001738-000138-multires 17798 13505 4
001738-000138-multires 15427 13413 4
001738-000138-multires 23672 13377 4
001738-000138-multires 22332 13184 4
001738-000138-multires 12070 13003 4
001738-000138-multires 13153 12814 4
001738-000138-multires 15136 12895 4
001738-000138-multires 12248 12355 4
001738-000138-multires 12766 12089 4
001738-000138-multires 13629 11889 4
001738-000138-multires 21935 11808 4
001738-000138-multires 13910 11779 4
001738-000138-multires 13252 11713 4
001738-000138-multires 21289 11541 4
001738-000138-multires 22025 10978 4
001738-000138-multires 23131 10727 4
001738-000138-multires 23041 11769 4
001738-000138-multires 21226 10204 4
001738-000138-multires 34584 8176 4
001738-000138-multires 21368 7675 4
001738-000138-multires 33227 7536 4
001738-000138-multires 23056 6413 4
001738-000138-multires 24292 6092 4
