001738-000121-multires 17288 2881 1
001738-000121-multires 19017 4898 1
001738-000121-multires 12966 2305 1
001738-000121-multires 16712 4610 1
001738-000121-multires 11525 1728 1
001738-000121-multires 20170 4610 1
001738-000121-multires 15271 12102 1
001738-000121-multires 20458 4898 1
001738-000121-multires 16712 3457 1
001738-000121-multires 15271 12678 1
001738-000121-multires 16712 3169 1
001738-000121-multires 19017 3169 1
001738-000121-multires 20746 3457 1
001738-000121-multires 11814 10373 1
001738-000121-multires 16712 2305 1
001738-000121-multires 10373 2593 1
001738-000121-multires 10661 2305 1
001738-000121-multires 11525 2017 1
001738-000121-multires 13254 1440 1
001738-000121-multires 16136 12102 1
001738-000121-multires 15874 11692 1
001738-000121-multires 11926 10697 1
001738-000121-multires 16265 9682 1
001738-000121-multires 17717 4365 1
001738-000121-multires 11602 2158 1
