001738-000145-multires 44931 30530 0
001738-000145-multires 48676 29090 0
001738-000145-multires 46948 29954 0
001738-000145-multires 43779 29954 0
001738-000145-multires 45795 29090 0
001738-000145-multires 47524 28802 0
001738-000145-multires 46084 29090 0
001738-000145-multires 44067 30242 0
001738-000145-multires 45219 29378 0
001738-000145-multires 47524 28514 0
001738-000145-multires 47812 28226 0
001738-000145-multires 42627 30242 0
001738-000145-multires 45795 28802 0
001738-000145-multires 43779 30530 0
001738-000145-multires 46084 29378 0
001738-000145-multires 45219 28514 0
001738-000145-multires 47236 28226 0
001738-000145-multires 42627 29666 0
001738-000145-multires 43491 29090 0
001738-000145-multires 42339 29954 0
001738-000145-multires 44374 29634 0
001738-000145-multires 48178 28506 0
001738-000145-multires 42339 21889 3
001738-000145-multires 57028 43779 3
001738-000145-multires 38307 24770 3
001738-000145-multires 58757 40035 3
001738-000145-multires 57893 44067 3
001738-000145-multires 32258 25346 3
001738-000145-multires 35715 24770 3
001738-000145-multires 39747 23618 3
001738-000145-multires 56740 42915 3
001738-000145-multires 36291 24194 3
001738-000145-multires 35715 23042 3
001738-000145-multires 64517 46084 3
001738-000145-multires 34563 23330 3
001738-000145-multires 40899 23330 3
001738-000145-multires 33410 25634 3
001738-000145-multires 56740 47812 3
001738-000145-multires 38019 24194 3
001738-000145-multires 33986 25634 3
001738-000145-multires 56740 44643 3
001738-000145-multires 36003 22465 3
001738-000145-multires 60406 48087 3
001738-000145-multires 64885 46486 3
001738-000145-multires 67413 43585 3
001738-000145-multires 69659 41781 3
001738-000145-multires 68298 41656 3
001738-000145-multires 67402 40797 3
001738-000145-multires 57882 44370 3
001738-000145-multires 40515 27362 3
001738-000145-multires 40899 27042 3
001738-000145-multires 41160 26967 3
001738-000145-multires 38401 26763 3
001738-000145-multires 38433 26520 3
001738-000145-multires 37823 26293 3
001738-000145-multires 38244 26331 3
001738-000145-multires 37784 25965 3
001738-000145-multires 30775 25923 3
001738-000145-multires 38156 25824 3
001738-000145-multires 37981 25628 3
001738-000145-multires 42551 24749 3
001738-000145-multires 31170 24658 3
001738-000145-multires 30164 24957 3
001738-000145-multires 30654 24798 3
001738-000145-multires 42542 24141 3
001738-000145-multires 42426 23776 3
001738-000145-multires 42643 23842 3
001738-000145-multires 42496 23032 3
001738-000145-multires 42323 22762 3
001738-000145-multires 42156 22731 3
001738-000145-multires 34653 24864 3
001738-000145-multires 37153 24400 3
001738-000145-multires 37491 24178 3
001738-000145-multires 39902 25216 3
001738-000145-multires 42931 20865 3
001738-000145-multires 38003 21261 3
001738-000145-multires 33537 20363 3
001738-000145-multires 42339 22465 4
001738-000145-multires 42915 21889 4
001738-000145-multires 38307 23618 4
001738-000145-multires 66533 43779 4
001738-000145-multires 59333 40899 4
001738-000145-multires 56164 42627 4
001738-000145-multires 57605 41187 4
001738-000145-multires 59045 44067 4
001738-000145-multires 33698 24770 4
001738-000145-multires 34274 19873 4
001738-000145-multires 58469 44931 4
001738-000145-multires 61637 48388 4
001738-000145-multires 59333 42339 4
001738-000145-multires 68261 40899 4
001738-000145-multires 65669 47812 4
001738-000145-multires 31682 24482 4
001738-000145-multires 57605 40899 4
001738-000145-multires 59333 42915 4
001738-000145-multires 40899 21601 4
001738-000145-multires 56452 47812 4
001738-000145-multires 65771 49790 4
001738-000145-multires 66242 49380 4
001738-000145-multires 64994 49675 4
001738-000145-multires 65661 47852 4
001738-000145-multires 54794 46489 4
001738-000145-multires 60333 46159 4
001738-000145-multires 64886 46394 4
001738-000145-multires 64889 46483 4
001738-000145-multires 66495 44049 4
001738-000145-multires 68345 43286 4
001738-000145-multires 67083 41160 4
001738-000145-multires 68364 41771 4
001738-000145-multires 68299 41657 4
001738-000145-multires 67443 40271 4
001738-000145-multires 58265 44884 4
001738-000145-multires 60450 48106 4
001738-000145-multires 57887 44383 4
001738-000145-multires 38874 28297 4
001738-000145-multires 41200 26831 4
001738-000145-multires 36766 27732 4
001738-000145-multires 38636 26434 4
001738-000145-multires 38328 25964 4
001738-000145-multires 38024 25788 4
001738-000145-multires 31005 25771 4
001738-000145-multires 38181 25666 4
001738-000145-multires 36488 26302 4
001738-000145-multires 33322 26692 4
001738-000145-multires 30822 25000 4
001738-000145-multires 35798 25090 4
001738-000145-multires 36538 24633 4
001738-000145-multires 37507 25279 4
001738-000145-multires 42405 25288 4
001738-000145-multires 42551 24746 4
001738-000145-multires 29973 24426 4
001738-000145-multires 42352 23383 4
001738-000145-multires 42461 22865 4
001738-000145-multires 39524 22667 4
001738-000145-multires 42960 21642 4
001738-000145-multires 38122 21199 4
001738-000145-multires 37995 21280 4
001738-000145-multires 32846 20496 4
001738-000145-multires 34074 22332 4
