001738-000077_1_14_20180731-multires 74603 6625 0
001738-000077_1_14_20180731-multires 72299 6625 0
001738-000077_1_14_20180731-multires 71435 6625 0
001738-000077_1_14_20180731-multires 73739 7489 0
001738-000077_1_14_20180731-multires 74027 8353 0
001738-000077_1_14_20180731-multires 74891 6625 0
001738-000077_1_14_20180731-multires 75179 7777 0
001738-000077_1_14_20180731-multires 75467 7489 0
001738-000077_1_14_20180731-multires 73451 7489 0
001738-000077_1_14_20180731-multires 74603 8065 0
001738-000077_1_14_20180731-multires 73739 6048 0
001738-000077_1_14_20180731-multires 72875 8065 0
001738-000077_1_14_20180731-multires 74027 7201 0
001738-000077_1_14_20180731-multires 73451 8065 0
001738-000077_1_14_20180731-multires 71723 5760 0
001738-000077_1_14_20180731-multires 74027 7489 0
001738-000077_1_14_20180731-multires 72587 6913 0
001738-000077_1_14_20180731-multires 74891 5760 0
001738-000077_1_14_20180731-multires 74603 7489 0
001738-000077_1_14_20180731-multires 72587 7777 0
001738-000077_1_14_20180731-multires 73524 6373 0
001738-000077_1_14_20180731-multires 31108 32549 1
001738-000077_1_14_20180731-multires 24771 48679 1
001738-000077_1_14_20180731-multires 28228 52136 1
001738-000077_1_14_20180731-multires 23907 46663 1
001738-000077_1_14_20180731-multires 22755 48967 1
001738-000077_1_14_20180731-multires 17282 43494 1
001738-000077_1_14_20180731-multires 19875 45799 1
001738-000077_1_14_20180731-multires 46087 12385 1
001738-000077_1_14_20180731-multires 25059 48103 1
001738-000077_1_14_20180731-multires 47815 8929 1
001738-000077_1_14_20180731-multires 55016 26788 1
001738-000077_1_14_20180731-multires 20163 47239 1
001738-000077_1_14_20180731-multires 25059 47815 1
001738-000077_1_14_20180731-multires 48391 9217 1
001738-000077_1_14_20180731-multires 47815 8641 1
001738-000077_1_14_20180731-multires 54728 27076 1
001738-000077_1_14_20180731-multires 16418 43494 1
001738-000077_1_14_20180731-multires 21891 45511 1
001738-000077_1_14_20180731-multires 23619 47527 1
001738-000077_1_14_20180731-multires 19587 44647 1
001738-000077_1_14_20180731-multires 24987 48860 1
001738-000077_1_14_20180731-multires 18356 44501 1
001738-000077_1_14_20180731-multires 31537 32055 1
001738-000077_1_14_20180731-multires 54596 26617 1
001738-000077_1_14_20180731-multires 48320 11796 1
001738-000077_1_14_20180731-multires 46744 11104 1
