001738-000070_1_07_20180731-multires 18954 8708 1
001738-000070_1_07_20180731-multires 19466 8708 1
001738-000070_1_07_20180731-multires 21003 9220 1
001738-000070_1_07_20180731-multires 20234 8708 1
001738-000070_1_07_20180731-multires 18954 9220 1
001738-000070_1_07_20180731-multires 19466 9989 1
001738-000070_1_07_20180731-multires 18954 8964 1
001738-000070_1_07_20180731-multires 18441 8964 1
001738-000070_1_07_20180731-multires 18441 9733 1
001738-000070_1_07_20180731-multires 20234 8452 1
001738-000070_1_07_20180731-multires 18954 9477 1
001738-000070_1_07_20180731-multires 20234 8964 1
001738-000070_1_07_20180731-multires 16904 8452 1
001738-000070_1_07_20180731-multires 19210 8708 1
001738-000070_1_07_20180731-multires 17929 8964 1
001738-000070_1_07_20180731-multires 21003 8964 1
001738-000070_1_07_20180731-multires 17417 8452 1
001738-000070_1_07_20180731-multires 19978 8708 1
001738-000070_1_07_20180731-multires 18185 8708 1
001738-000070_1_07_20180731-multires 18185 10245 1
001738-000070_1_07_20180731-multires 19195 8755 1
001738-000070_1_07_20180731-multires 19722 12294 2
001738-000070_1_07_20180731-multires 23052 14343 2
001738-000070_1_07_20180731-multires 13831 13062 2
001738-000070_1_07_20180731-multires 18954 12294 2
001738-000070_1_07_20180731-multires 22539 14599 2
001738-000070_1_07_20180731-multires 24076 12806 2
001738-000070_1_07_20180731-multires 24845 13575 2
001738-000070_1_07_20180731-multires 22283 15111 2
001738-000070_1_07_20180731-multires 19466 14343 2
001738-000070_1_07_20180731-multires 18185 13831 2
001738-000070_1_07_20180731-multires 24076 14087 2
001738-000070_1_07_20180731-multires 17161 13319 2
001738-000070_1_07_20180731-multires 20234 14087 2
001738-000070_1_07_20180731-multires 19466 12294 2
001738-000070_1_07_20180731-multires 21771 14087 2
001738-000070_1_07_20180731-multires 24589 14087 2
001738-000070_1_07_20180731-multires 18441 13575 2
001738-000070_1_07_20180731-multires 19978 14087 2
001738-000070_1_07_20180731-multires 13831 13319 2
001738-000070_1_07_20180731-multires 23820 14599 2
001738-000070_1_07_20180731-multires 23319 14001 2
001738-000070_1_07_20180731-multires 17575 13173 2
