001738-000154-multires 54748 10661 1
001738-000154-multires 55036 10661 1
001738-000154-multires 51866 15848 1
001738-000154-multires 51578 15560 1
001738-000154-multires 55324 10949 1
001738-000154-multires 52154 16136 1
001738-000154-multires 51578 16136 1
001738-000154-multires 52154 15848 1
001738-000154-multires 51866 15560 1
001738-000154-multires 51290 15848 1
001738-000154-multires 55036 10373 1
001738-000154-multires 51002 15848 1
001738-000154-multires 51290 16136 1
001738-000154-multires 51002 16136 1
001738-000154-multires 51578 15848 1
001738-000154-multires 51290 15560 1
001738-000154-multires 54748 10373 1
001738-000154-multires 54460 10373 1
001738-000154-multires 51866 16136 1
001738-000154-multires 51533 15926 1
001738-000154-multires 54948 10614 1
