001738-000073_1_10_20180731-multires 11783 30483 1
001738-000073_1_10_20180731-multires 25360 18443 1
001738-000073_1_10_20180731-multires 30227 17418 1
001738-000073_1_10_20180731-multires 35606 15625 1
001738-000073_1_10_20180731-multires 37399 13576 1
001738-000073_1_10_20180731-multires 31251 16138 1
001738-000073_1_10_20180731-multires 11783 30739 1
001738-000073_1_10_20180731-multires 27921 18187 1
001738-000073_1_10_20180731-multires 31764 14601 1
001738-000073_1_10_20180731-multires 41754 12808 1
001738-000073_1_10_20180731-multires 35862 13320 1
001738-000073_1_10_20180731-multires 30739 16394 1
001738-000073_1_10_20180731-multires 27665 18187 1
001738-000073_1_10_20180731-multires 32276 15369 1
001738-000073_1_10_20180731-multires 36887 13064 1
001738-000073_1_10_20180731-multires 38424 13320 1
001738-000073_1_10_20180731-multires 38680 13064 1
001738-000073_1_10_20180731-multires 25872 17675 1
001738-000073_1_10_20180731-multires 11271 30739 1
001738-000073_1_10_20180731-multires 29202 17675 1
001738-000073_1_10_20180731-multires 11125 30944 1
001738-000073_1_10_20180731-multires 28884 17216 1
001738-000073_1_10_20180731-multires 37797 13731 1
