001738-000064_1_01_20180731-multires 8064 27936 0
001738-000064_1_01_20180731-multires 9792 22464 0
001738-000064_1_01_20180731-multires 9216 22176 0
001738-000064_1_01_20180731-multires 10656 24192 0
001738-000064_1_01_20180731-multires 9216 24192 0
001738-000064_1_01_20180731-multires 8064 23040 0
001738-000064_1_01_20180731-multires 7488 28512 0
001738-000064_1_01_20180731-multires 8640 23616 0
001738-000064_1_01_20180731-multires 10080 24768 0
001738-000064_1_01_20180731-multires 8928 22464 0
001738-000064_1_01_20180731-multires 8064 29088 0
001738-000064_1_01_20180731-multires 7488 27072 0
001738-000064_1_01_20180731-multires 7776 25056 0
001738-000064_1_01_20180731-multires 10368 25344 0
001738-000064_1_01_20180731-multires 8928 29376 0
001738-000064_1_01_20180731-multires 8352 22752 0
001738-000064_1_01_20180731-multires 8352 23328 0
001738-000064_1_01_20180731-multires 8352 25344 0
001738-000064_1_01_20180731-multires 9504 25632 0
001738-000064_1_01_20180731-multires 8928 29088 0
001738-000064_1_01_20180731-multires 8867 25582 0
001738-000064_1_01_20180731-multires 7857 26160 0
001738-000064_1_01_20180731-multires 34560 10944 1
001738-000064_1_01_20180731-multires 38880 9216 1
001738-000064_1_01_20180731-multires 36000 14112 1
001738-000064_1_01_20180731-multires 48384 11520 1
001738-000064_1_01_20180731-multires 36864 11808 1
001738-000064_1_01_20180731-multires 35424 11520 1
001738-000064_1_01_20180731-multires 35424 13824 1
001738-000064_1_01_20180731-multires 33408 15552 1
001738-000064_1_01_20180731-multires 44352 3456 1
001738-000064_1_01_20180731-multires 34272 15552 1
001738-000064_1_01_20180731-multires 45792 3744 1
001738-000064_1_01_20180731-multires 46368 11520 1
001738-000064_1_01_20180731-multires 45216 3744 1
001738-000064_1_01_20180731-multires 35136 14112 1
001738-000064_1_01_20180731-multires 42912 5472 1
001738-000064_1_01_20180731-multires 36288 12960 1
001738-000064_1_01_20180731-multires 47520 12096 1
001738-000064_1_01_20180731-multires 33408 15264 1
001738-000064_1_01_20180731-multires 35136 13824 1
001738-000064_1_01_20180731-multires 37440 8928 1
001738-000064_1_01_20180731-multires 46171 12130 1
001738-000064_1_01_20180731-multires 35988 11864 1
001738-000064_1_01_20180731-multires 44373 4250 1
