001738-000107_1_15_20180822-multires 17160 33809 0
001738-000107_1_15_20180822-multires 17160 34321 0
001738-000107_1_15_20180822-multires 16648 34321 0
001738-000107_1_15_20180822-multires 16904 34065 0
001738-000107_1_15_20180822-multires 16904 33552 0
001738-000107_1_15_20180822-multires 16904 34321 0
001738-000107_1_15_20180822-multires 16904 33809 0
001738-000107_1_15_20180822-multires 16648 34065 0
001738-000107_1_15_20180822-multires 16648 33809 0
001738-000107_1_15_20180822-multires 17160 34065 0
001738-000107_1_15_20180822-multires 16893 33973 0
001738-000107_1_15_20180822-multires 77607 40724 1
001738-000107_1_15_20180822-multires 74277 43285 1
001738-000107_1_15_20180822-multires 73765 45334 1
001738-000107_1_15_20180822-multires 71972 42261 1
001738-000107_1_15_20180822-multires 70179 36626 1
001738-000107_1_15_20180822-multires 77350 42005 1
001738-000107_1_15_20180822-multires 66849 32784 1
001738-000107_1_15_20180822-multires 72484 37650 1
001738-000107_1_15_20180822-multires 66081 32784 1
001738-000107_1_15_20180822-multires 67361 33040 1
001738-000107_1_15_20180822-multires 75301 42005 1
001738-000107_1_15_20180822-multires 75558 41749 1
001738-000107_1_15_20180822-multires 65825 34577 1
001738-000107_1_15_20180822-multires 74789 43798 1
001738-000107_1_15_20180822-multires 74533 40724 1
001738-000107_1_15_20180822-multires 64800 34577 1
001738-000107_1_15_20180822-multires 76070 42005 1
001738-000107_1_15_20180822-multires 74789 42005 1
001738-000107_1_15_20180822-multires 66081 33296 1
001738-000107_1_15_20180822-multires 75045 42005 1
001738-000107_1_15_20180822-multires 74361 42669 1
001738-000107_1_15_20180822-multires 71694 37108 1
001738-000107_1_15_20180822-multires 65787 33426 1
