001738-000135-multires 2050 6151 0
001738-000135-multires 1281 7433 0
001738-000135-multires 1794 6664 0
001738-000135-multires 1794 6920 0
001738-000135-multires 2050 7433 0
001738-000135-multires 1537 6664 0
001738-000135-multires 1537 6407 0
001738-000135-multires 2306 5895 0
001738-000135-multires 2563 5382 0
001738-000135-multires 1537 5638 0
001738-000135-multires 2050 6407 0
001738-000135-multires 2050 5638 0
001738-000135-multires 1794 5382 0
001738-000135-multires 1281 7689 0
001738-000135-multires 2563 5638 0
001738-000135-multires 1794 7433 0
001738-000135-multires 1794 5895 0
001738-000135-multires 1537 5895 0
001738-000135-multires 1794 7689 0
001738-000135-multires 1281 6920 0
001738-000135-multires 1944 6437 0
001738-000135-multires 23837 8458 1
001738-000135-multires 24093 8458 1
001738-000135-multires 23837 8201 1
001738-000135-multires 23837 7945 1
001738-000135-multires 24093 8201 1
001738-000135-multires 24093 7945 1
001738-000135-multires 23921 8143 1
