001738-000081_1_03_20180814-multires 4353 8707 0
001738-000081_1_03_20180814-multires 4865 10756 0
001738-000081_1_03_20180814-multires 3841 6402 0
001738-000081_1_03_20180814-multires 12548 6914 0
001738-000081_1_03_20180814-multires 15622 9475 0
001738-000081_1_03_20180814-multires 2048 10244 0
001738-000081_1_03_20180814-multires 3585 7426 0
001738-000081_1_03_20180814-multires 4609 12548 0
001738-000081_1_03_20180814-multires 9219 9475 0
001738-000081_1_03_20180814-multires 7683 14341 0
001738-000081_1_03_20180814-multires 7939 6402 0
001738-000081_1_03_20180814-multires 13061 7939 0
001738-000081_1_03_20180814-multires 3329 8963 0
001738-000081_1_03_20180814-multires 5378 9219 0
001738-000081_1_03_20180814-multires 5890 10756 0
001738-000081_1_03_20180814-multires 11524 9475 0
001738-000081_1_03_20180814-multires 15109 9731 0
001738-000081_1_03_20180814-multires 6146 7939 0
001738-000081_1_03_20180814-multires 10500 5378 0
001738-000081_1_03_20180814-multires 4865 9219 0
001738-000081_1_03_20180814-multires 8456 13921 0
001738-000081_1_03_20180814-multires 8862 8770 0
001738-000081_1_03_20180814-multires 12548 31500 1
001738-000081_1_03_20180814-multires 15622 26378 1
001738-000081_1_03_20180814-multires 11012 26122 1
001738-000081_1_03_20180814-multires 14597 35854 1
001738-000081_1_03_20180814-multires 14597 38927 1
001738-000081_1_03_20180814-multires 21768 38159 1
001738-000081_1_03_20180814-multires 27914 31756 1
001738-000081_1_03_20180814-multires 20231 26378 1
001738-000081_1_03_20180814-multires 13061 36878 1
001738-000081_1_03_20180814-multires 18439 26890 1
001738-000081_1_03_20180814-multires 17670 28171 1
001738-000081_1_03_20180814-multires 15622 32268 1
001738-000081_1_03_20180814-multires 16902 29451 1
001738-000081_1_03_20180814-multires 27402 29707 1
001738-000081_1_03_20180814-multires 22024 36110 1
001738-000081_1_03_20180814-multires 21000 32780 1
001738-000081_1_03_20180814-multires 13061 38671 1
001738-000081_1_03_20180814-multires 22024 37902 1
001738-000081_1_03_20180814-multires 19207 32524 1
001738-000081_1_03_20180814-multires 14853 26890 1
001738-000081_1_03_20180814-multires 19086 31398 1
001738-000081_1_03_20180814-multires 16855 32175 1
001738-000081_1_03_20180814-multires 17375 31998 1
001738-000081_1_03_20180814-multires 21622 31843 1
001738-000081_1_03_20180814-multires 32524 27658 2
001738-000081_1_03_20180814-multires 31756 28427 2
001738-000081_1_03_20180814-multires 32012 28939 2
001738-000081_1_03_20180814-multires 32780 28171 2
001738-000081_1_03_20180814-multires 32524 25866 2
001738-000081_1_03_20180814-multires 30988 26634 2
001738-000081_1_03_20180814-multires 33293 25353 2
001738-000081_1_03_20180814-multires 31500 28683 2
001738-000081_1_03_20180814-multires 33293 25610 2
001738-000081_1_03_20180814-multires 30219 26122 2
001738-000081_1_03_20180814-multires 33805 26634 2
001738-000081_1_03_20180814-multires 30988 26890 2
001738-000081_1_03_20180814-multires 30476 26890 2
001738-000081_1_03_20180814-multires 30219 27146 2
001738-000081_1_03_20180814-multires 32524 27402 2
001738-000081_1_03_20180814-multires 31756 28939 2
001738-000081_1_03_20180814-multires 30219 25866 2
001738-000081_1_03_20180814-multires 32012 28171 2
001738-000081_1_03_20180814-multires 33037 25866 2
001738-000081_1_03_20180814-multires 30732 26634 2
001738-000081_1_03_20180814-multires 30506 26741 2
001738-000081_1_03_20180814-multires 32653 27120 2
001738-000081_1_03_20180814-multires 32972 25097 2
