001738-000031_01_14_20180627-multires 49435 10757 3
001738-000031_01_14_20180627-multires 48923 14343 3
001738-000031_01_14_20180627-multires 58656 16136 3
001738-000031_01_14_20180627-multires 49691 12807 3
001738-000031_01_14_20180627-multires 49435 12807 3
001738-000031_01_14_20180627-multires 49435 10501 3
001738-000031_01_14_20180627-multires 60193 16393 3
001738-000031_01_14_20180627-multires 64035 31761 3
001738-000031_01_14_20180627-multires 64291 30993 3
001738-000031_01_14_20180627-multires 56607 15112 3
001738-000031_01_14_20180627-multires 57119 14600 3
001738-000031_01_14_20180627-multires 48154 10245 3
001738-000031_01_14_20180627-multires 48923 10501 3
001738-000031_01_14_20180627-multires 55582 16136 3
001738-000031_01_14_20180627-multires 55582 16393 3
001738-000031_01_14_20180627-multires 57631 15880 3
001738-000031_01_14_20180627-multires 64291 17929 3
001738-000031_01_14_20180627-multires 48410 10245 3
001738-000031_01_14_20180627-multires 64035 17673 3
001738-000031_01_14_20180627-multires 53789 15368 3
001738-000031_01_14_20180627-multires 64123 32946 3
001738-000031_01_14_20180627-multires 63904 31858 3
001738-000031_01_14_20180627-multires 64865 29443 3
001738-000031_01_14_20180627-multires 64543 27875 3
001738-000031_01_14_20180627-multires 64070 18027 3
001738-000031_01_14_20180627-multires 55642 16333 3
001738-000031_01_14_20180627-multires 60270 16683 3
001738-000031_01_14_20180627-multires 54686 16137 3
001738-000031_01_14_20180627-multires 58838 16179 3
001738-000031_01_14_20180627-multires 56013 15999 3
001738-000031_01_14_20180627-multires 53586 15879 3
001738-000031_01_14_20180627-multires 54817 15317 3
001738-000031_01_14_20180627-multires 53960 15333 3
001738-000031_01_14_20180627-multires 55919 15182 3
001738-000031_01_14_20180627-multires 57312 15320 3
001738-000031_01_14_20180627-multires 49080 14198 3
001738-000031_01_14_20180627-multires 49151 12617 3
001738-000031_01_14_20180627-multires 47252 12072 3
001738-000031_01_14_20180627-multires 48513 10399 3
