001738-000098_1_06_20180822-multires 59914 43207 0
001738-000098_1_06_20180822-multires 55017 16707 0
001738-000098_1_06_20180822-multires 57034 17283 0
001738-000098_1_06_20180822-multires 62507 18435 0
001738-000098_1_06_20180822-multires 62507 19011 0
001738-000098_1_06_20180822-multires 57322 19587 0
001738-000098_1_06_20180822-multires 56458 18723 0
001738-000098_1_06_20180822-multires 62507 18147 0
001738-000098_1_06_20180822-multires 64523 17283 0
001738-000098_1_06_20180822-multires 63659 16707 0
001738-000098_1_06_20180822-multires 11234 55017 0
001738-000098_1_06_20180822-multires 56746 18147 0
001738-000098_1_06_20180822-multires 55305 19875 0
001738-000098_1_06_20180822-multires 57898 18723 0
001738-000098_1_06_20180822-multires 56170 17571 0
001738-000098_1_06_20180822-multires 63371 17859 0
001738-000098_1_06_20180822-multires 63371 18723 0
001738-000098_1_06_20180822-multires 11522 53577 0
001738-000098_1_06_20180822-multires 11810 53865 0
001738-000098_1_06_20180822-multires 62219 18435 0
001738-000098_1_06_20180822-multires 11131 54087 0
001738-000098_1_06_20180822-multires 60741 42315 0
001738-000098_1_06_20180822-multires 56330 18308 0
001738-000098_1_06_20180822-multires 63701 17291 0
001738-000098_1_06_20180822-multires 8065 28517 1
001738-000098_1_06_20180822-multires 9505 29957 1
001738-000098_1_06_20180822-multires 8929 28229 1
001738-000098_1_06_20180822-multires 10945 31973 1
001738-000098_1_06_20180822-multires 6913 32549 1
001738-000098_1_06_20180822-multires 7489 33414 1
001738-000098_1_06_20180822-multires 6049 33125 1
001738-000098_1_06_20180822-multires 4320 30533 1
001738-000098_1_06_20180822-multires 6913 25636 1
001738-000098_1_06_20180822-multires 8641 26212 1
001738-000098_1_06_20180822-multires 4608 29669 1
001738-000098_1_06_20180822-multires 7777 31973 1
001738-000098_1_06_20180822-multires 6049 30245 1
001738-000098_1_06_20180822-multires 8641 31109 1
001738-000098_1_06_20180822-multires 5761 32837 1
001738-000098_1_06_20180822-multires 9217 31109 1
001738-000098_1_06_20180822-multires 4608 31973 1
001738-000098_1_06_20180822-multires 7489 32837 1
001738-000098_1_06_20180822-multires 15554 22468 1
001738-000098_1_06_20180822-multires 10657 32837 1
001738-000098_1_06_20180822-multires 7644 30466 1
001738-000098_1_06_20180822-multires 16298 21208 1
