001738-000532_1_08_20190301-multires 16996 36297 3
001738-000532_1_08_20190301-multires 43787 60495 3
001738-000532_1_08_20190301-multires 46380 23046 3
001738-000532_1_08_20190301-multires 48972 17860 3
001738-000532_1_08_20190301-multires 41482 14115 3
001738-000532_1_08_20190301-multires 51565 51277 3
001738-000532_1_08_20190301-multires 39178 48684 3
001738-000532_1_08_20190301-multires 48972 46956 3
001738-000532_1_08_20190301-multires 42059 45804 3
001738-000532_1_08_20190301-multires 46092 15268 3
001738-000532_1_08_20190301-multires 48396 18436 3
001738-000532_1_08_20190301-multires 51565 25638 3
001738-000532_1_08_20190301-multires 47244 15556 3
001738-000532_1_08_20190301-multires 49261 14403 3
001738-000532_1_08_20190301-multires 39466 29671 3
001738-000532_1_08_20190301-multires 26503 45516 3
001738-000532_1_08_20190301-multires 45516 62512 3
001738-000532_1_08_20190301-multires 29383 28519 3
001738-000532_1_08_20190301-multires 22181 26791 3
001738-000532_1_08_20190301-multires 51853 18436 3
001738-000532_1_08_20190301-multires 48200 65376 3
001738-000532_1_08_20190301-multires 56879 65341 3
001738-000532_1_08_20190301-multires 47658 64605 3
001738-000532_1_08_20190301-multires 52462 64383 3
001738-000532_1_08_20190301-multires 53637 64265 3
001738-000532_1_08_20190301-multires 46946 63865 3
001738-000532_1_08_20190301-multires 46475 63716 3
001738-000532_1_08_20190301-multires 45197 63616 3
001738-000532_1_08_20190301-multires 63229 63596 3
001738-000532_1_08_20190301-multires 46042 63272 3
001738-000532_1_08_20190301-multires 50740 63197 3
001738-000532_1_08_20190301-multires 57013 63596 3
001738-000532_1_08_20190301-multires 56340 63611 3
001738-000532_1_08_20190301-multires 53665 63086 3
001738-000532_1_08_20190301-multires 45471 62425 3
001738-000532_1_08_20190301-multires 50165 62113 3
001738-000532_1_08_20190301-multires 55449 62209 3
001738-000532_1_08_20190301-multires 46675 61783 3
001738-000532_1_08_20190301-multires 58828 61731 3
001738-000532_1_08_20190301-multires 46214 61478 3
001738-000532_1_08_20190301-multires 46333 61490 3
001738-000532_1_08_20190301-multires 45293 61390 3
001738-000532_1_08_20190301-multires 43359 61362 3
001738-000532_1_08_20190301-multires 56554 61412 3
001738-000532_1_08_20190301-multires 51134 60671 3
001738-000532_1_08_20190301-multires 52550 60738 3
001738-000532_1_08_20190301-multires 44323 60838 3
001738-000532_1_08_20190301-multires 43796 60696 3
001738-000532_1_08_20190301-multires 43471 60620 3
001738-000532_1_08_20190301-multires 43931 60544 3
001738-000532_1_08_20190301-multires 44694 59854 3
001738-000532_1_08_20190301-multires 37838 59621 3
001738-000532_1_08_20190301-multires 51526 59630 3
001738-000532_1_08_20190301-multires 38679 59950 3
001738-000532_1_08_20190301-multires 44017 59528 3
001738-000532_1_08_20190301-multires 54884 59286 3
001738-000532_1_08_20190301-multires 60533 59513 3
001738-000532_1_08_20190301-multires 45468 59366 3
001738-000532_1_08_20190301-multires 54621 59162 3
001738-000532_1_08_20190301-multires 54958 59121 3
001738-000532_1_08_20190301-multires 43184 59113 3
001738-000532_1_08_20190301-multires 43483 59327 3
001738-000532_1_08_20190301-multires 55391 58649 3
001738-000532_1_08_20190301-multires 55765 58575 3
001738-000532_1_08_20190301-multires 36723 58324 3
001738-000532_1_08_20190301-multires 39020 58684 3
001738-000532_1_08_20190301-multires 38042 59007 3
001738-000532_1_08_20190301-multires 40506 58911 3
001738-000532_1_08_20190301-multires 37558 59009 3
001738-000532_1_08_20190301-multires 37882 58783 3
001738-000532_1_08_20190301-multires 38731 58866 3
001738-000532_1_08_20190301-multires 37805 58507 3
001738-000532_1_08_20190301-multires 60612 58100 3
001738-000532_1_08_20190301-multires 35345 57842 3
001738-000532_1_08_20190301-multires 62034 57518 3
001738-000532_1_08_20190301-multires 40320 57553 3
001738-000532_1_08_20190301-multires 48706 59285 3
001738-000532_1_08_20190301-multires 48480 61359 3
001738-000532_1_08_20190301-multires 48364 61056 3
001738-000532_1_08_20190301-multires 47612 60896 3
001738-000532_1_08_20190301-multires 47548 60768 3
001738-000532_1_08_20190301-multires 47998 60931 3
001738-000532_1_08_20190301-multires 46460 60511 3
001738-000532_1_08_20190301-multires 46812 60463 3
001738-000532_1_08_20190301-multires 47712 60361 3
001738-000532_1_08_20190301-multires 48156 60063 3
001738-000532_1_08_20190301-multires 49341 59439 3
001738-000532_1_08_20190301-multires 47368 59059 3
001738-000532_1_08_20190301-multires 49218 58965 3
001738-000532_1_08_20190301-multires 47164 58863 3
001738-000532_1_08_20190301-multires 48060 58591 3
001738-000532_1_08_20190301-multires 49543 58685 3
001738-000532_1_08_20190301-multires 50337 58539 3
001738-000532_1_08_20190301-multires 49252 58480 3
001738-000532_1_08_20190301-multires 48790 58496 3
001738-000532_1_08_20190301-multires 50045 58399 3
001738-000532_1_08_20190301-multires 48336 58361 3
001738-000532_1_08_20190301-multires 50760 58231 3
001738-000532_1_08_20190301-multires 50932 58079 3
001738-000532_1_08_20190301-multires 50076 58066 3
001738-000532_1_08_20190301-multires 48636 58015 3
001738-000532_1_08_20190301-multires 48209 58031 3
001738-000532_1_08_20190301-multires 49503 58146 3
001738-000532_1_08_20190301-multires 62473 57336 3
001738-000532_1_08_20190301-multires 61520 57480 3
001738-000532_1_08_20190301-multires 63239 57159 3
001738-000532_1_08_20190301-multires 49054 57340 3
001738-000532_1_08_20190301-multires 64015 56852 3
001738-000532_1_08_20190301-multires 42293 56630 3
001738-000532_1_08_20190301-multires 38565 57069 3
001738-000532_1_08_20190301-multires 38298 56911 3
001738-000532_1_08_20190301-multires 60524 56936 3
001738-000532_1_08_20190301-multires 42531 56440 3
001738-000532_1_08_20190301-multires 37245 56607 3
001738-000532_1_08_20190301-multires 64729 56468 3
001738-000532_1_08_20190301-multires 41867 56442 3
001738-000532_1_08_20190301-multires 42230 56215 3
001738-000532_1_08_20190301-multires 60242 56302 3
001738-000532_1_08_20190301-multires 40763 56186 3
001738-000532_1_08_20190301-multires 41913 56012 3
001738-000532_1_08_20190301-multires 37796 55977 3
001738-000532_1_08_20190301-multires 37866 55806 3
001738-000532_1_08_20190301-multires 48799 55758 3
001738-000532_1_08_20190301-multires 63556 56014 3
001738-000532_1_08_20190301-multires 47513 55661 3
001738-000532_1_08_20190301-multires 62200 55760 3
001738-000532_1_08_20190301-multires 38808 55602 3
001738-000532_1_08_20190301-multires 46936 55434 3
001738-000532_1_08_20190301-multires 64525 55364 3
001738-000532_1_08_20190301-multires 39327 55218 3
001738-000532_1_08_20190301-multires 60083 55318 3
001738-000532_1_08_20190301-multires 44391 54969 3
001738-000532_1_08_20190301-multires 46821 54931 3
001738-000532_1_08_20190301-multires 35472 55184 3
001738-000532_1_08_20190301-multires 44947 54661 3
001738-000532_1_08_20190301-multires 48311 54554 3
001738-000532_1_08_20190301-multires 45677 54587 3
001738-000532_1_08_20190301-multires 53999 54514 3
001738-000532_1_08_20190301-multires 66941 55087 3
001738-000532_1_08_20190301-multires 40454 55140 3
001738-000532_1_08_20190301-multires 40965 54713 3
001738-000532_1_08_20190301-multires 40686 54642 3
001738-000532_1_08_20190301-multires 64494 53860 3
001738-000532_1_08_20190301-multires 43404 54121 3
001738-000532_1_08_20190301-multires 51787 54261 3
001738-000532_1_08_20190301-multires 52786 54280 3
001738-000532_1_08_20190301-multires 53009 54194 3
001738-000532_1_08_20190301-multires 52413 53982 3
001738-000532_1_08_20190301-multires 51393 54133 3
001738-000532_1_08_20190301-multires 37298 53700 3
001738-000532_1_08_20190301-multires 65233 53550 3
001738-000532_1_08_20190301-multires 64993 53574 3
001738-000532_1_08_20190301-multires 63728 53848 3
001738-000532_1_08_20190301-multires 63936 53950 3
001738-000532_1_08_20190301-multires 63456 53822 3
001738-000532_1_08_20190301-multires 38952 53499 3
001738-000532_1_08_20190301-multires 42112 53388 3
001738-000532_1_08_20190301-multires 36814 53502 3
001738-000532_1_08_20190301-multires 51593 53259 3
001738-000532_1_08_20190301-multires 61810 53137 3
001738-000532_1_08_20190301-multires 61504 53118 3
001738-000532_1_08_20190301-multires 61232 53038 3
001738-000532_1_08_20190301-multires 51055 53178 3
001738-000532_1_08_20190301-multires 60832 53020 3
001738-000532_1_08_20190301-multires 57302 53583 3
001738-000532_1_08_20190301-multires 44432 52817 3
001738-000532_1_08_20190301-multires 34099 53773 3
001738-000532_1_08_20190301-multires 58954 52639 3
001738-000532_1_08_20190301-multires 54182 52593 3
001738-000532_1_08_20190301-multires 63301 52447 3
001738-000532_1_08_20190301-multires 49067 52427 3
001738-000532_1_08_20190301-multires 36422 52529 3
001738-000532_1_08_20190301-multires 48542 52770 3
001738-000532_1_08_20190301-multires 49084 52958 3
001738-000532_1_08_20190301-multires 48617 52757 3
001738-000532_1_08_20190301-multires 35577 52867 3
001738-000532_1_08_20190301-multires 50207 52615 3
001738-000532_1_08_20190301-multires 58361 52302 3
001738-000532_1_08_20190301-multires 66525 52262 3
001738-000532_1_08_20190301-multires 66561 52253 3
001738-000532_1_08_20190301-multires 63282 52100 3
001738-000532_1_08_20190301-multires 57402 52312 3
001738-000532_1_08_20190301-multires 66819 51942 3
001738-000532_1_08_20190301-multires 46673 52043 3
001738-000532_1_08_20190301-multires 47511 51895 3
001738-000532_1_08_20190301-multires 35398 52116 3
001738-000532_1_08_20190301-multires 68374 51822 3
001738-000532_1_08_20190301-multires 50800 51705 3
001738-000532_1_08_20190301-multires 68690 51701 3
001738-000532_1_08_20190301-multires 45874 51723 3
001738-000532_1_08_20190301-multires 57875 51507 3
001738-000532_1_08_20190301-multires 58250 51468 3
001738-000532_1_08_20190301-multires 59754 51240 3
001738-000532_1_08_20190301-multires 36833 51815 3
001738-000532_1_08_20190301-multires 59519 51085 3
001738-000532_1_08_20190301-multires 68222 51048 3
001738-000532_1_08_20190301-multires 59785 51010 3
001738-000532_1_08_20190301-multires 67669 51749 3
001738-000532_1_08_20190301-multires 67489 51773 3
001738-000532_1_08_20190301-multires 67862 51740 3
001738-000532_1_08_20190301-multires 68674 50893 3
001738-000532_1_08_20190301-multires 46371 50821 3
001738-000532_1_08_20190301-multires 59019 50799 3
001738-000532_1_08_20190301-multires 59431 50741 3
001738-000532_1_08_20190301-multires 47785 51353 3
001738-000532_1_08_20190301-multires 59769 50686 3
001738-000532_1_08_20190301-multires 51506 51428 3
001738-000532_1_08_20190301-multires 44759 50649 3
001738-000532_1_08_20190301-multires 60396 50538 3
001738-000532_1_08_20190301-multires 62402 50366 3
001738-000532_1_08_20190301-multires 46323 50381 3
001738-000532_1_08_20190301-multires 45221 50204 3
001738-000532_1_08_20190301-multires 45881 50126 3
001738-000532_1_08_20190301-multires 50220 50046 3
001738-000532_1_08_20190301-multires 35746 50383 3
001738-000532_1_08_20190301-multires 63023 50048 3
001738-000532_1_08_20190301-multires 46555 49857 3
001738-000532_1_08_20190301-multires 65903 49619 3
001738-000532_1_08_20190301-multires 64385 51077 3
001738-000532_1_08_20190301-multires 61536 52669 3
001738-000532_1_08_20190301-multires 61280 52653 3
001738-000532_1_08_20190301-multires 61228 52401 3
001738-000532_1_08_20190301-multires 65535 52076 3
001738-000532_1_08_20190301-multires 63904 52029 3
001738-000532_1_08_20190301-multires 61905 51919 3
001738-000532_1_08_20190301-multires 65443 51793 3
001738-000532_1_08_20190301-multires 64790 51602 3
001738-000532_1_08_20190301-multires 66063 51643 3
001738-000532_1_08_20190301-multires 65409 51373 3
001738-000532_1_08_20190301-multires 61508 51554 3
001738-000532_1_08_20190301-multires 61584 51549 3
001738-000532_1_08_20190301-multires 67134 51305 3
001738-000532_1_08_20190301-multires 61312 51261 3
001738-000532_1_08_20190301-multires 63426 51315 3
001738-000532_1_08_20190301-multires 63680 51181 3
001738-000532_1_08_20190301-multires 61180 51120 3
001738-000532_1_08_20190301-multires 60778 51177 3
001738-000532_1_08_20190301-multires 62592 51005 3
001738-000532_1_08_20190301-multires 61816 51082 3
001738-000532_1_08_20190301-multires 60897 50932 3
001738-000532_1_08_20190301-multires 66084 50880 3
001738-000532_1_08_20190301-multires 64023 51034 3
001738-000532_1_08_20190301-multires 61463 50939 3
001738-000532_1_08_20190301-multires 68354 50525 3
001738-000532_1_08_20190301-multires 67914 50675 3
001738-000532_1_08_20190301-multires 66339 50539 3
001738-000532_1_08_20190301-multires 66081 50461 3
001738-000532_1_08_20190301-multires 64017 50461 3
001738-000532_1_08_20190301-multires 66705 50607 3
001738-000532_1_08_20190301-multires 65475 50493 3
001738-000532_1_08_20190301-multires 68103 50307 3
001738-000532_1_08_20190301-multires 68449 50248 3
001738-000532_1_08_20190301-multires 68802 50173 3
001738-000532_1_08_20190301-multires 66433 50157 3
001738-000532_1_08_20190301-multires 66714 50043 3
001738-000532_1_08_20190301-multires 67187 49837 3
001738-000532_1_08_20190301-multires 68962 49565 3
001738-000532_1_08_20190301-multires 39157 49717 3
001738-000532_1_08_20190301-multires 44719 49248 3
001738-000532_1_08_20190301-multires 40362 49011 3
001738-000532_1_08_20190301-multires 47769 48945 3
001738-000532_1_08_20190301-multires 30768 48825 3
001738-000532_1_08_20190301-multires 37901 49040 3
001738-000532_1_08_20190301-multires 40654 49384 3
001738-000532_1_08_20190301-multires 46115 48789 3
001738-000532_1_08_20190301-multires 31525 48774 3
001738-000532_1_08_20190301-multires 30362 48473 3
001738-000532_1_08_20190301-multires 47666 48550 3
001738-000532_1_08_20190301-multires 45539 48464 3
001738-000532_1_08_20190301-multires 34298 48476 3
001738-000532_1_08_20190301-multires 45475 47751 3
001738-000532_1_08_20190301-multires 43118 48295 3
001738-000532_1_08_20190301-multires 27377 47330 3
001738-000532_1_08_20190301-multires 44121 47530 3
001738-000532_1_08_20190301-multires 37946 47208 3
001738-000532_1_08_20190301-multires 45168 47273 3
001738-000532_1_08_20190301-multires 47432 47626 3
001738-000532_1_08_20190301-multires 47596 47676 3
001738-000532_1_08_20190301-multires 38215 46858 3
001738-000532_1_08_20190301-multires 40297 47794 3
001738-000532_1_08_20190301-multires 39683 47286 3
001738-000532_1_08_20190301-multires 38383 46439 3
001738-000532_1_08_20190301-multires 39046 46164 3
001738-000532_1_08_20190301-multires 34958 46214 3
001738-000532_1_08_20190301-multires 34189 46040 3
001738-000532_1_08_20190301-multires 47643 46314 3
001738-000532_1_08_20190301-multires 48825 47007 3
001738-000532_1_08_20190301-multires 49280 47356 3
001738-000532_1_08_20190301-multires 48940 47084 3
001738-000532_1_08_20190301-multires 48400 46468 3
001738-000532_1_08_20190301-multires 38740 45721 3
001738-000532_1_08_20190301-multires 34615 45530 3
001738-000532_1_08_20190301-multires 29998 45316 3
001738-000532_1_08_20190301-multires 51980 45315 3
001738-000532_1_08_20190301-multires 29893 44952 3
001738-000532_1_08_20190301-multires 26011 46236 3
001738-000532_1_08_20190301-multires 26779 46753 3
001738-000532_1_08_20190301-multires 26737 46450 3
001738-000532_1_08_20190301-multires 25856 46542 3
001738-000532_1_08_20190301-multires 25568 46479 3
001738-000532_1_08_20190301-multires 27746 45021 3
001738-000532_1_08_20190301-multires 40451 44874 3
001738-000532_1_08_20190301-multires 60614 44405 3
001738-000532_1_08_20190301-multires 34786 44317 3
001738-000532_1_08_20190301-multires 41805 45206 3
001738-000532_1_08_20190301-multires 46932 44718 3
001738-000532_1_08_20190301-multires 51497 44184 3
001738-000532_1_08_20190301-multires 57781 45581 3
001738-000532_1_08_20190301-multires 21105 44312 3
001738-000532_1_08_20190301-multires 52373 44069 3
001738-000532_1_08_20190301-multires 30232 44054 3
001738-000532_1_08_20190301-multires 50531 44230 3
001738-000532_1_08_20190301-multires 28136 43737 3
001738-000532_1_08_20190301-multires 49393 43645 3
001738-000532_1_08_20190301-multires 58063 43102 3
001738-000532_1_08_20190301-multires 50801 43270 3
001738-000532_1_08_20190301-multires 27109 43411 3
001738-000532_1_08_20190301-multires 51319 43036 3
001738-000532_1_08_20190301-multires 48329 43296 3
001738-000532_1_08_20190301-multires 23820 42832 3
001738-000532_1_08_20190301-multires 41819 42886 3
001738-000532_1_08_20190301-multires 35781 42262 3
001738-000532_1_08_20190301-multires 32986 42186 3
001738-000532_1_08_20190301-multires 25267 41981 3
001738-000532_1_08_20190301-multires 24011 41895 3
001738-000532_1_08_20190301-multires 24405 41882 3
001738-000532_1_08_20190301-multires 36362 41675 3
001738-000532_1_08_20190301-multires 18960 41725 3
001738-000532_1_08_20190301-multires 38362 41629 3
001738-000532_1_08_20190301-multires 51289 41730 3
001738-000532_1_08_20190301-multires 19212 41418 3
001738-000532_1_08_20190301-multires 34199 41292 3
001738-000532_1_08_20190301-multires 34727 41008 3
001738-000532_1_08_20190301-multires 28586 40515 3
001738-000532_1_08_20190301-multires 18117 40644 3
001738-000532_1_08_20190301-multires 27888 40338 3
001738-000532_1_08_20190301-multires 38036 40781 3
001738-000532_1_08_20190301-multires 23978 40112 3
001738-000532_1_08_20190301-multires 34682 39330 3
001738-000532_1_08_20190301-multires 37129 39146 3
001738-000532_1_08_20190301-multires 43976 39885 3
001738-000532_1_08_20190301-multires 23011 39136 3
001738-000532_1_08_20190301-multires 38721 39237 3
001738-000532_1_08_20190301-multires 33938 38532 3
001738-000532_1_08_20190301-multires 38166 37946 3
001738-000532_1_08_20190301-multires 15965 38029 3
001738-000532_1_08_20190301-multires 16894 38305 3
001738-000532_1_08_20190301-multires 25671 38700 3
001738-000532_1_08_20190301-multires 25330 38925 3
001738-000532_1_08_20190301-multires 52109 37759 3
001738-000532_1_08_20190301-multires 50994 37617 3
001738-000532_1_08_20190301-multires 37704 37698 3
001738-000532_1_08_20190301-multires 36625 37802 3
001738-000532_1_08_20190301-multires 29397 37380 3
001738-000532_1_08_20190301-multires 30339 37368 3
001738-000532_1_08_20190301-multires 17641 37815 3
001738-000532_1_08_20190301-multires 28785 37104 3
001738-000532_1_08_20190301-multires 43071 36901 3
001738-000532_1_08_20190301-multires 27414 36679 3
001738-000532_1_08_20190301-multires 27014 36345 3
001738-000532_1_08_20190301-multires 35783 36307 3
001738-000532_1_08_20190301-multires 28608 36125 3
001738-000532_1_08_20190301-multires 31579 35966 3
001738-000532_1_08_20190301-multires 16942 35942 3
001738-000532_1_08_20190301-multires 35252 35865 3
001738-000532_1_08_20190301-multires 31479 35133 3
001738-000532_1_08_20190301-multires 41090 34954 3
001738-000532_1_08_20190301-multires 35744 34556 3
001738-000532_1_08_20190301-multires 31280 34475 3
001738-000532_1_08_20190301-multires 33215 33625 3
001738-000532_1_08_20190301-multires 50408 33664 3
001738-000532_1_08_20190301-multires 31936 33759 3
001738-000532_1_08_20190301-multires 15051 34135 3
001738-000532_1_08_20190301-multires 41319 33494 3
001738-000532_1_08_20190301-multires 50307 33125 3
001738-000532_1_08_20190301-multires 19842 33657 3
001738-000532_1_08_20190301-multires 18475 32767 3
001738-000532_1_08_20190301-multires 19368 32695 3
001738-000532_1_08_20190301-multires 28222 32407 3
001738-000532_1_08_20190301-multires 26872 32070 3
001738-000532_1_08_20190301-multires 32158 32299 3
001738-000532_1_08_20190301-multires 29513 32221 3
001738-000532_1_08_20190301-multires 31361 30976 3
001738-000532_1_08_20190301-multires 26126 31239 3
001738-000532_1_08_20190301-multires 41565 31406 3
001738-000532_1_08_20190301-multires 30016 30429 3
001738-000532_1_08_20190301-multires 33021 30406 3
001738-000532_1_08_20190301-multires 33340 31142 3
001738-000532_1_08_20190301-multires 28986 30533 3
001738-000532_1_08_20190301-multires 41402 30076 3
001738-000532_1_08_20190301-multires 23012 30026 3
001738-000532_1_08_20190301-multires 43813 30252 3
001738-000532_1_08_20190301-multires 43004 29775 3
001738-000532_1_08_20190301-multires 39665 29568 3
001738-000532_1_08_20190301-multires 24847 29781 3
001738-000532_1_08_20190301-multires 36502 29235 3
001738-000532_1_08_20190301-multires 27361 29754 3
001738-000532_1_08_20190301-multires 21037 29204 3
001738-000532_1_08_20190301-multires 31959 29224 3
001738-000532_1_08_20190301-multires 26192 29327 3
001738-000532_1_08_20190301-multires 19981 29242 3
001738-000532_1_08_20190301-multires 37351 28893 3
001738-000532_1_08_20190301-multires 31391 28676 3
001738-000532_1_08_20190301-multires 28587 28922 3
001738-000532_1_08_20190301-multires 25722 28997 3
001738-000532_1_08_20190301-multires 26872 28417 3
001738-000532_1_08_20190301-multires 22905 28488 3
001738-000532_1_08_20190301-multires 23391 28330 3
001738-000532_1_08_20190301-multires 27579 28627 3
001738-000532_1_08_20190301-multires 25254 28363 3
001738-000532_1_08_20190301-multires 22157 28311 3
001738-000532_1_08_20190301-multires 29383 28338 3
001738-000532_1_08_20190301-multires 26150 27835 3
001738-000532_1_08_20190301-multires 23300 27696 3
001738-000532_1_08_20190301-multires 37482 27712 3
001738-000532_1_08_20190301-multires 24022 27280 3
001738-000532_1_08_20190301-multires 23315 27112 3
001738-000532_1_08_20190301-multires 27174 27428 3
001738-000532_1_08_20190301-multires 25250 27342 3
001738-000532_1_08_20190301-multires 25815 26945 3
001738-000532_1_08_20190301-multires 39114 26810 3
001738-000532_1_08_20190301-multires 21926 26773 3
001738-000532_1_08_20190301-multires 54730 26484 3
001738-000532_1_08_20190301-multires 24301 26483 3
001738-000532_1_08_20190301-multires 22642 26678 3
001738-000532_1_08_20190301-multires 44709 26815 3
001738-000532_1_08_20190301-multires 27584 26266 3
001738-000532_1_08_20190301-multires 49180 26432 3
001738-000532_1_08_20190301-multires 26240 26385 3
001738-000532_1_08_20190301-multires 55382 26099 3
001738-000532_1_08_20190301-multires 29496 25743 3
001738-000532_1_08_20190301-multires 55489 25549 3
001738-000532_1_08_20190301-multires 55341 24816 3
001738-000532_1_08_20190301-multires 55443 24506 3
001738-000532_1_08_20190301-multires 38570 24721 3
001738-000532_1_08_20190301-multires 55174 24147 3
001738-000532_1_08_20190301-multires 54622 24102 3
001738-000532_1_08_20190301-multires 52368 25587 3
001738-000532_1_08_20190301-multires 51197 25782 3
001738-000532_1_08_20190301-multires 50382 26076 3
001738-000532_1_08_20190301-multires 51209 25442 3
001738-000532_1_08_20190301-multires 53504 25515 3
001738-000532_1_08_20190301-multires 52704 23592 3
001738-000532_1_08_20190301-multires 53747 23462 3
001738-000532_1_08_20190301-multires 54476 23525 3
001738-000532_1_08_20190301-multires 51830 23093 3
001738-000532_1_08_20190301-multires 53756 23041 3
001738-000532_1_08_20190301-multires 46313 23046 3
001738-000532_1_08_20190301-multires 48888 22901 3
001738-000532_1_08_20190301-multires 25049 22657 3
001738-000532_1_08_20190301-multires 50261 22347 3
001738-000532_1_08_20190301-multires 52452 22528 3
001738-000532_1_08_20190301-multires 49754 21982 3
001738-000532_1_08_20190301-multires 45046 22361 3
001738-000532_1_08_20190301-multires 27107 22574 3
001738-000532_1_08_20190301-multires 51414 21510 3
001738-000532_1_08_20190301-multires 50673 21392 3
001738-000532_1_08_20190301-multires 50564 21000 3
001738-000532_1_08_20190301-multires 35522 21006 3
001738-000532_1_08_20190301-multires 49885 21112 3
001738-000532_1_08_20190301-multires 50013 20757 3
001738-000532_1_08_20190301-multires 51109 20685 3
001738-000532_1_08_20190301-multires 42221 21011 3
001738-000532_1_08_20190301-multires 43871 20663 3
001738-000532_1_08_20190301-multires 49794 19885 3
001738-000532_1_08_20190301-multires 43340 20467 3
001738-000532_1_08_20190301-multires 51303 18323 3
001738-000532_1_08_20190301-multires 51366 19338 3
001738-000532_1_08_20190301-multires 51856 18675 3
001738-000532_1_08_20190301-multires 51149 18131 3
001738-000532_1_08_20190301-multires 45792 15895 3
001738-000532_1_08_20190301-multires 45951 14515 3
001738-000532_1_08_20190301-multires 47750 13923 3
001738-000532_1_08_20190301-multires 41561 14146 3
001738-000532_1_08_20190301-multires 40591 14011 3
001738-000532_1_08_20190301-multires 48053 13473 3
001738-000532_1_08_20190301-multires 51192 14183 3
001738-000532_1_08_20190301-multires 47780 13543 3
001738-000532_1_08_20190301-multires 47361 18275 3
001738-000532_1_08_20190301-multires 46919 21392 3
001738-000532_1_08_20190301-multires 48252 20117 3
001738-000532_1_08_20190301-multires 46621 19596 3
001738-000532_1_08_20190301-multires 48573 20822 3
001738-000532_1_08_20190301-multires 45738 19378 3
001738-000532_1_08_20190301-multires 46963 18731 3
001738-000532_1_08_20190301-multires 46276 18661 3
001738-000532_1_08_20190301-multires 47936 18692 3
001738-000532_1_08_20190301-multires 47211 18301 3
001738-000532_1_08_20190301-multires 45751 17423 3
001738-000532_1_08_20190301-multires 45966 17774 3
001738-000532_1_08_20190301-multires 48151 17460 3
001738-000532_1_08_20190301-multires 48132 17343 3
001738-000532_1_08_20190301-multires 47419 15523 3
001738-000532_1_08_20190301-multires 46430 13514 3
001738-000532_1_08_20190301-multires 40631 12874 3
001738-000532_1_08_20190301-multires 42394 11555 3
001738-000532_1_08_20190301-multires 43618 11832 3
001738-000532_1_08_20190301-multires 42347 33704 4
001738-000532_1_08_20190301-multires 48972 31976 4
001738-000532_1_08_20190301-multires 46380 55310 4
001738-000532_1_08_20190301-multires 23622 22181 4
001738-000532_1_08_20190301-multires 43211 42635 4
001738-000532_1_08_20190301-multires 40042 31400 4
001738-000532_1_08_20190301-multires 53582 38026 4
001738-000532_1_08_20190301-multires 43499 8066 4
001738-000532_1_08_20190301-multires 61072 53582 4
001738-000532_1_08_20190301-multires 45516 9506 4
001738-000532_1_08_20190301-multires 23334 22181 4
001738-000532_1_08_20190301-multires 39466 8642 4
001738-000532_1_08_20190301-multires 42923 40330 4
001738-000532_1_08_20190301-multires 23334 22758 4
001738-000532_1_08_20190301-multires 50989 38602 4
001738-000532_1_08_20190301-multires 44075 16420 4
001738-000532_1_08_20190301-multires 43211 40042 4
001738-000532_1_08_20190301-multires 8354 12387 4
001738-000532_1_08_20190301-multires 65105 60784 4
001738-000532_1_08_20190301-multires 46380 42059 4
001738-000532_1_08_20190301-multires 52474 64675 4
001738-000532_1_08_20190301-multires 55710 64221 4
001738-000532_1_08_20190301-multires 58159 64128 4
001738-000532_1_08_20190301-multires 51967 64259 4
001738-000532_1_08_20190301-multires 54180 64219 4
001738-000532_1_08_20190301-multires 53136 64345 4
001738-000532_1_08_20190301-multires 46639 63877 4
001738-000532_1_08_20190301-multires 46262 63694 4
001738-000532_1_08_20190301-multires 59376 63687 4
001738-000532_1_08_20190301-multires 56390 63606 4
001738-000532_1_08_20190301-multires 46024 63505 4
001738-000532_1_08_20190301-multires 58941 63356 4
001738-000532_1_08_20190301-multires 52021 63272 4
001738-000532_1_08_20190301-multires 46417 63298 4
001738-000532_1_08_20190301-multires 49634 62088 4
001738-000532_1_08_20190301-multires 58959 62238 4
001738-000532_1_08_20190301-multires 46841 61920 4
001738-000532_1_08_20190301-multires 46249 61863 4
001738-000532_1_08_20190301-multires 51141 61800 4
001738-000532_1_08_20190301-multires 48848 61811 4
001738-000532_1_08_20190301-multires 58676 61397 4
001738-000532_1_08_20190301-multires 48487 61397 4
001738-000532_1_08_20190301-multires 46692 61399 4
001738-000532_1_08_20190301-multires 44996 61401 4
001738-000532_1_08_20190301-multires 47285 61169 4
001738-000532_1_08_20190301-multires 43024 61211 4
001738-000532_1_08_20190301-multires 46025 61142 4
001738-000532_1_08_20190301-multires 46847 61001 4
001738-000532_1_08_20190301-multires 48755 60978 4
001738-000532_1_08_20190301-multires 44425 61093 4
001738-000532_1_08_20190301-multires 56316 61969 4
001738-000532_1_08_20190301-multires 55456 62207 4
001738-000532_1_08_20190301-multires 56548 61423 4
001738-000532_1_08_20190301-multires 53162 60909 4
001738-000532_1_08_20190301-multires 41003 60974 4
001738-000532_1_08_20190301-multires 47747 60401 4
001738-000532_1_08_20190301-multires 62988 62511 4
001738-000532_1_08_20190301-multires 63229 63594 4
001738-000532_1_08_20190301-multires 44235 60367 4
001738-000532_1_08_20190301-multires 43691 60333 4
001738-000532_1_08_20190301-multires 51970 60553 4
001738-000532_1_08_20190301-multires 48778 60400 4
001738-000532_1_08_20190301-multires 43219 60295 4
001738-000532_1_08_20190301-multires 42666 60497 4
001738-000532_1_08_20190301-multires 46134 60107 4
001738-000532_1_08_20190301-multires 40477 60155 4
001738-000532_1_08_20190301-multires 60489 59965 4
001738-000532_1_08_20190301-multires 47124 59939 4
001738-000532_1_08_20190301-multires 47923 59768 4
001738-000532_1_08_20190301-multires 47084 59538 4
001738-000532_1_08_20190301-multires 45258 59577 4
001738-000532_1_08_20190301-multires 50577 59872 4
001738-000532_1_08_20190301-multires 47560 59397 4
001738-000532_1_08_20190301-multires 46574 59435 4
001738-000532_1_08_20190301-multires 39418 59446 4
001738-000532_1_08_20190301-multires 38280 59581 4
001738-000532_1_08_20190301-multires 44193 59617 4
001738-000532_1_08_20190301-multires 43097 59416 4
001738-000532_1_08_20190301-multires 50173 59164 4
001738-000532_1_08_20190301-multires 41379 60008 4
001738-000532_1_08_20190301-multires 49673 59220 4
001738-000532_1_08_20190301-multires 45539 59077 4
001738-000532_1_08_20190301-multires 37557 59008 4
001738-000532_1_08_20190301-multires 48742 59304 4
001738-000532_1_08_20190301-multires 46812 58804 4
001738-000532_1_08_20190301-multires 38738 58826 4
001738-000532_1_08_20190301-multires 43227 58804 4
001738-000532_1_08_20190301-multires 56704 59462 4
001738-000532_1_08_20190301-multires 50920 58634 4
001738-000532_1_08_20190301-multires 50341 58559 4
001738-000532_1_08_20190301-multires 37433 58447 4
001738-000532_1_08_20190301-multires 48338 58381 4
001738-000532_1_08_20190301-multires 54730 59210 4
001738-000532_1_08_20190301-multires 54834 59168 4
001738-000532_1_08_20190301-multires 55587 58608 4
001738-000532_1_08_20190301-multires 49405 58056 4
001738-000532_1_08_20190301-multires 38948 58318 4
001738-000532_1_08_20190301-multires 60371 58745 4
001738-000532_1_08_20190301-multires 47268 58340 4
001738-000532_1_08_20190301-multires 40124 57822 4
001738-000532_1_08_20190301-multires 49031 57831 4
001738-000532_1_08_20190301-multires 37247 57730 4
001738-000532_1_08_20190301-multires 36309 58207 4
001738-000532_1_08_20190301-multires 39512 57600 4
001738-000532_1_08_20190301-multires 57628 58094 4
001738-000532_1_08_20190301-multires 48119 57507 4
001738-000532_1_08_20190301-multires 35559 57472 4
001738-000532_1_08_20190301-multires 51480 57695 4
001738-000532_1_08_20190301-multires 62084 57353 4
001738-000532_1_08_20190301-multires 50614 57460 4
001738-000532_1_08_20190301-multires 59342 57284 4
001738-000532_1_08_20190301-multires 39403 57276 4
001738-000532_1_08_20190301-multires 49001 57088 4
001738-000532_1_08_20190301-multires 42126 56788 4
001738-000532_1_08_20190301-multires 37619 57250 4
001738-000532_1_08_20190301-multires 39114 56766 4
001738-000532_1_08_20190301-multires 39630 56520 4
001738-000532_1_08_20190301-multires 42271 56408 4
001738-000532_1_08_20190301-multires 36977 56445 4
001738-000532_1_08_20190301-multires 56698 56700 4
001738-000532_1_08_20190301-multires 37702 56387 4
001738-000532_1_08_20190301-multires 40454 56354 4
001738-000532_1_08_20190301-multires 60335 56089 4
001738-000532_1_08_20190301-multires 44708 56493 4
001738-000532_1_08_20190301-multires 60403 56448 4
001738-000532_1_08_20190301-multires 41633 55990 4
001738-000532_1_08_20190301-multires 55390 56110 4
001738-000532_1_08_20190301-multires 62680 55766 4
001738-000532_1_08_20190301-multires 35195 55787 4
001738-000532_1_08_20190301-multires 61911 55681 4
001738-000532_1_08_20190301-multires 37937 55662 4
001738-000532_1_08_20190301-multires 37598 55645 4
001738-000532_1_08_20190301-multires 62240 55497 4
001738-000532_1_08_20190301-multires 59889 55676 4
001738-000532_1_08_20190301-multires 39483 55580 4
001738-000532_1_08_20190301-multires 33978 56204 4
001738-000532_1_08_20190301-multires 36488 55249 4
001738-000532_1_08_20190301-multires 60835 55275 4
001738-000532_1_08_20190301-multires 35757 55427 4
001738-000532_1_08_20190301-multires 63725 56735 4
001738-000532_1_08_20190301-multires 63241 57156 4
001738-000532_1_08_20190301-multires 64019 56843 4
001738-000532_1_08_20190301-multires 64734 56465 4
001738-000532_1_08_20190301-multires 40065 55163 4
001738-000532_1_08_20190301-multires 40905 55628 4
001738-000532_1_08_20190301-multires 41189 55038 4
001738-000532_1_08_20190301-multires 33723 55050 4
001738-000532_1_08_20190301-multires 66161 54862 4
001738-000532_1_08_20190301-multires 34948 54983 4
001738-000532_1_08_20190301-multires 34305 54659 4
001738-000532_1_08_20190301-multires 67597 55587 4
001738-000532_1_08_20190301-multires 41091 54490 4
001738-000532_1_08_20190301-multires 46150 55024 4
001738-000532_1_08_20190301-multires 51349 54157 4
001738-000532_1_08_20190301-multires 67542 54302 4
001738-000532_1_08_20190301-multires 52200 54229 4
001738-000532_1_08_20190301-multires 51565 54030 4
001738-000532_1_08_20190301-multires 67178 54037 4
001738-000532_1_08_20190301-multires 56892 54209 4
001738-000532_1_08_20190301-multires 39794 54597 4
001738-000532_1_08_20190301-multires 58071 53950 4
001738-000532_1_08_20190301-multires 54735 54658 4
001738-000532_1_08_20190301-multires 52408 53629 4
001738-000532_1_08_20190301-multires 64214 53435 4
001738-000532_1_08_20190301-multires 36420 53402 4
001738-000532_1_08_20190301-multires 39152 53459 4
001738-000532_1_08_20190301-multires 34716 53917 4
001738-000532_1_08_20190301-multires 61824 54134 4
001738-000532_1_08_20190301-multires 62063 53559 4
001738-000532_1_08_20190301-multires 61376 52968 4
001738-000532_1_08_20190301-multires 43222 53791 4
001738-000532_1_08_20190301-multires 42115 53391 4
001738-000532_1_08_20190301-multires 33597 53866 4
001738-000532_1_08_20190301-multires 56890 53247 4
001738-000532_1_08_20190301-multires 62329 52734 4
001738-000532_1_08_20190301-multires 57896 52923 4
001738-000532_1_08_20190301-multires 49036 52621 4
001738-000532_1_08_20190301-multires 60893 52621 4
001738-000532_1_08_20190301-multires 49170 52584 4
001738-000532_1_08_20190301-multires 50997 53244 4
001738-000532_1_08_20190301-multires 34016 52575 4
001738-000532_1_08_20190301-multires 54771 52831 4
001738-000532_1_08_20190301-multires 62514 52454 4
001738-000532_1_08_20190301-multires 61968 52312 4
001738-000532_1_08_20190301-multires 49895 52168 4
001738-000532_1_08_20190301-multires 61328 52157 4
001738-000532_1_08_20190301-multires 60025 52365 4
001738-000532_1_08_20190301-multires 57873 52247 4
001738-000532_1_08_20190301-multires 52163 52228 4
001738-000532_1_08_20190301-multires 58943 52021 4
001738-000532_1_08_20190301-multires 56914 52167 4
001738-000532_1_08_20190301-multires 34803 52138 4
001738-000532_1_08_20190301-multires 66237 52137 4
001738-000532_1_08_20190301-multires 60484 52007 4
001738-000532_1_08_20190301-multires 51650 51916 4
001738-000532_1_08_20190301-multires 61877 51899 4
001738-000532_1_08_20190301-multires 36190 52698 4
001738-000532_1_08_20190301-multires 47263 51791 4
001738-000532_1_08_20190301-multires 65089 51661 4
001738-000532_1_08_20190301-multires 63892 51603 4
001738-000532_1_08_20190301-multires 60263 51533 4
001738-000532_1_08_20190301-multires 37232 51575 4
001738-000532_1_08_20190301-multires 60906 51496 4
001738-000532_1_08_20190301-multires 59862 51614 4
001738-000532_1_08_20190301-multires 52079 51634 4
001738-000532_1_08_20190301-multires 47712 52205 4
001738-000532_1_08_20190301-multires 46029 51483 4
001738-000532_1_08_20190301-multires 61435 51474 4
001738-000532_1_08_20190301-multires 36275 51944 4
001738-000532_1_08_20190301-multires 65064 51275 4
001738-000532_1_08_20190301-multires 63689 52251 4
001738-000532_1_08_20190301-multires 67971 51267 4
001738-000532_1_08_20190301-multires 66465 51213 4
001738-000532_1_08_20190301-multires 66000 51221 4
001738-000532_1_08_20190301-multires 35566 51229 4
001738-000532_1_08_20190301-multires 51341 51221 4
001738-000532_1_08_20190301-multires 67744 51157 4
001738-000532_1_08_20190301-multires 50924 51333 4
001738-000532_1_08_20190301-multires 65809 51021 4
001738-000532_1_08_20190301-multires 36327 51127 4
001738-000532_1_08_20190301-multires 63021 51001 4
001738-000532_1_08_20190301-multires 64433 51006 4
001738-000532_1_08_20190301-multires 63827 50909 4
001738-000532_1_08_20190301-multires 61428 50932 4
001738-000532_1_08_20190301-multires 68268 50824 4
001738-000532_1_08_20190301-multires 68503 50706 4
001738-000532_1_08_20190301-multires 60254 50811 4
001738-000532_1_08_20190301-multires 67913 50656 4
001738-000532_1_08_20190301-multires 35470 50632 4
001738-000532_1_08_20190301-multires 65324 50911 4
001738-000532_1_08_20190301-multires 67283 50658 4
001738-000532_1_08_20190301-multires 36480 50414 4
001738-000532_1_08_20190301-multires 67609 50226 4
001738-000532_1_08_20190301-multires 34857 50109 4
001738-000532_1_08_20190301-multires 50698 50418 4
001738-000532_1_08_20190301-multires 45388 50666 4
001738-000532_1_08_20190301-multires 45215 50206 4
001738-000532_1_08_20190301-multires 47169 50558 4
001738-000532_1_08_20190301-multires 65772 49816 4
001738-000532_1_08_20190301-multires 35299 49842 4
001738-000532_1_08_20190301-multires 67148 49735 4
001738-000532_1_08_20190301-multires 38459 49523 4
001738-000532_1_08_20190301-multires 54520 49992 4
001738-000532_1_08_20190301-multires 40225 49273 4
001738-000532_1_08_20190301-multires 63729 50191 4
001738-000532_1_08_20190301-multires 62093 50177 4
001738-000532_1_08_20190301-multires 34193 48988 4
001738-000532_1_08_20190301-multires 56831 49188 4
001738-000532_1_08_20190301-multires 52428 50125 4
001738-000532_1_08_20190301-multires 40952 48840 4
001738-000532_1_08_20190301-multires 44376 49105 4
001738-000532_1_08_20190301-multires 44739 49252 4
001738-000532_1_08_20190301-multires 30986 48752 4
001738-000532_1_08_20190301-multires 43357 48042 4
001738-000532_1_08_20190301-multires 48373 48512 4
001738-000532_1_08_20190301-multires 34332 47955 4
001738-000532_1_08_20190301-multires 33937 47789 4
001738-000532_1_08_20190301-multires 33612 48114 4
001738-000532_1_08_20190301-multires 39317 47609 4
001738-000532_1_08_20190301-multires 26926 47659 4
001738-000532_1_08_20190301-multires 49323 47395 4
001738-000532_1_08_20190301-multires 47078 47489 4
001738-000532_1_08_20190301-multires 25981 47368 4
001738-000532_1_08_20190301-multires 42539 47568 4
001738-000532_1_08_20190301-multires 25369 46888 4
001738-000532_1_08_20190301-multires 47978 46668 4
001738-000532_1_08_20190301-multires 25825 46566 4
001738-000532_1_08_20190301-multires 25046 46556 4
001738-000532_1_08_20190301-multires 49443 46736 4
001738-000532_1_08_20190301-multires 27448 46723 4
001738-000532_1_08_20190301-multires 47859 46109 4
001738-000532_1_08_20190301-multires 34618 46792 4
001738-000532_1_08_20190301-multires 25998 45810 4
001738-000532_1_08_20190301-multires 64869 46776 4
001738-000532_1_08_20190301-multires 48482 45683 4
001738-000532_1_08_20190301-multires 34122 45533 4
001738-000532_1_08_20190301-multires 39135 47287 4
001738-000532_1_08_20190301-multires 38368 46446 4
001738-000532_1_08_20190301-multires 38852 45896 4
001738-000532_1_08_20190301-multires 34671 45160 4
001738-000532_1_08_20190301-multires 28280 44985 4
001738-000532_1_08_20190301-multires 25552 45136 4
001738-000532_1_08_20190301-multires 27804 44752 4
001738-000532_1_08_20190301-multires 64749 45143 4
001738-000532_1_08_20190301-multires 26975 44019 4
001738-000532_1_08_20190301-multires 49290 44229 4
001738-000532_1_08_20190301-multires 30571 44488 4
001738-000532_1_08_20190301-multires 48287 43707 4
001738-000532_1_08_20190301-multires 48836 42746 4
001738-000532_1_08_20190301-multires 59408 42244 4
001738-000532_1_08_20190301-multires 38216 41826 4
001738-000532_1_08_20190301-multires 24263 41881 4
001738-000532_1_08_20190301-multires 61557 43683 4
001738-000532_1_08_20190301-multires 60611 44407 4
001738-000532_1_08_20190301-multires 34618 41255 4
001738-000532_1_08_20190301-multires 32896 42146 4
001738-000532_1_08_20190301-multires 18855 41429 4
001738-000532_1_08_20190301-multires 25491 39923 4
001738-000532_1_08_20190301-multires 17769 39940 4
001738-000532_1_08_20190301-multires 17403 40241 4
001738-000532_1_08_20190301-multires 24899 39632 4
001738-000532_1_08_20190301-multires 33477 39189 4
001738-000532_1_08_20190301-multires 25347 38909 4
001738-000532_1_08_20190301-multires 27238 38891 4
001738-000532_1_08_20190301-multires 23498 39382 4
001738-000532_1_08_20190301-multires 18090 38479 4
001738-000532_1_08_20190301-multires 24480 38328 4
001738-000532_1_08_20190301-multires 23301 37992 4
001738-000532_1_08_20190301-multires 34529 38291 4
001738-000532_1_08_20190301-multires 33734 38142 4
001738-000532_1_08_20190301-multires 26215 37965 4
001738-000532_1_08_20190301-multires 29566 37707 4
001738-000532_1_08_20190301-multires 16734 37448 4
001738-000532_1_08_20190301-multires 17682 37382 4
001738-000532_1_08_20190301-multires 16170 38171 4
001738-000532_1_08_20190301-multires 30771 37241 4
001738-000532_1_08_20190301-multires 27205 36802 4
001738-000532_1_08_20190301-multires 23803 36690 4
001738-000532_1_08_20190301-multires 27349 36384 4
001738-000532_1_08_20190301-multires 26685 36160 4
001738-000532_1_08_20190301-multires 17242 36781 4
001738-000532_1_08_20190301-multires 28569 36441 4
001738-000532_1_08_20190301-multires 31430 36575 4
001738-000532_1_08_20190301-multires 31629 35406 4
001738-000532_1_08_20190301-multires 35649 35990 4
001738-000532_1_08_20190301-multires 24599 35556 4
001738-000532_1_08_20190301-multires 22516 35428 4
001738-000532_1_08_20190301-multires 31410 34869 4
001738-000532_1_08_20190301-multires 31066 34988 4
001738-000532_1_08_20190301-multires 46388 41747 4
001738-000532_1_08_20190301-multires 44121 47524 4
001738-000532_1_08_20190301-multires 46812 39642 4
001738-000532_1_08_20190301-multires 38167 37942 4
001738-000532_1_08_20190301-multires 43075 36884 4
001738-000532_1_08_20190301-multires 34519 35022 4
001738-000532_1_08_20190301-multires 15290 35165 4
001738-000532_1_08_20190301-multires 14707 34457 4
001738-000532_1_08_20190301-multires 54506 34624 4
001738-000532_1_08_20190301-multires 35359 34571 4
001738-000532_1_08_20190301-multires 31970 34537 4
001738-000532_1_08_20190301-multires 36093 34418 4
001738-000532_1_08_20190301-multires 26398 34473 4
001738-000532_1_08_20190301-multires 15351 33729 4
001738-000532_1_08_20190301-multires 14756 33169 4
001738-000532_1_08_20190301-multires 19603 33414 4
001738-000532_1_08_20190301-multires 20386 34085 4
001738-000532_1_08_20190301-multires 32184 33088 4
001738-000532_1_08_20190301-multires 19700 32567 4
001738-000532_1_08_20190301-multires 31889 32418 4
001738-000532_1_08_20190301-multires 18536 33043 4
001738-000532_1_08_20190301-multires 18476 32765 4
001738-000532_1_08_20190301-multires 44105 32506 4
001738-000532_1_08_20190301-multires 32505 31509 4
001738-000532_1_08_20190301-multires 33550 31192 4
001738-000532_1_08_20190301-multires 26417 32022 4
001738-000532_1_08_20190301-multires 31642 30770 4
001738-000532_1_08_20190301-multires 41778 30450 4
001738-000532_1_08_20190301-multires 28775 30402 4
001738-000532_1_08_20190301-multires 33004 31831 4
001738-000532_1_08_20190301-multires 29729 32216 4
001738-000532_1_08_20190301-multires 30010 30416 4
001738-000532_1_08_20190301-multires 45694 31023 4
001738-000532_1_08_20190301-multires 28682 29625 4
001738-000532_1_08_20190301-multires 36444 30059 4
001738-000532_1_08_20190301-multires 27436 29218 4
001738-000532_1_08_20190301-multires 28351 29266 4
001738-000532_1_08_20190301-multires 27886 29207 4
001738-000532_1_08_20190301-multires 29547 28847 4
001738-000532_1_08_20190301-multires 20935 29380 4
001738-000532_1_08_20190301-multires 23167 28580 4
001738-000532_1_08_20190301-multires 32164 29488 4
001738-000532_1_08_20190301-multires 36438 28641 4
001738-000532_1_08_20190301-multires 28587 28340 4
001738-000532_1_08_20190301-multires 37482 28459 4
001738-000532_1_08_20190301-multires 29728 27927 4
001738-000532_1_08_20190301-multires 52634 37187 4
001738-000532_1_08_20190301-multires 58063 43106 4
001738-000532_1_08_20190301-multires 55975 39359 4
001738-000532_1_08_20190301-multires 52110 37755 4
001738-000532_1_08_20190301-multires 50992 37618 4
001738-000532_1_08_20190301-multires 50378 33503 4
001738-000532_1_08_20190301-multires 41022 31552 4
001738-000532_1_08_20190301-multires 37485 27268 4
001738-000532_1_08_20190301-multires 52789 26962 4
001738-000532_1_08_20190301-multires 36685 26837 4
001738-000532_1_08_20190301-multires 19469 26867 4
001738-000532_1_08_20190301-multires 51134 26736 4
001738-000532_1_08_20190301-multires 53029 25966 4
001738-000532_1_08_20190301-multires 50374 26088 4
001738-000532_1_08_20190301-multires 55791 25734 4
001738-000532_1_08_20190301-multires 49483 26417 4
001738-000532_1_08_20190301-multires 30874 26582 4
001738-000532_1_08_20190301-multires 55614 25378 4
001738-000532_1_08_20190301-multires 53542 25484 4
001738-000532_1_08_20190301-multires 50094 25018 4
001738-000532_1_08_20190301-multires 17602 26164 4
001738-000532_1_08_20190301-multires 17944 25037 4
001738-000532_1_08_20190301-multires 55549 24689 4
001738-000532_1_08_20190301-multires 27873 25125 4
001738-000532_1_08_20190301-multires 36941 24923 4
001738-000532_1_08_20190301-multires 52319 24668 4
001738-000532_1_08_20190301-multires 54947 25954 4
001738-000532_1_08_20190301-multires 54725 26479 4
001738-000532_1_08_20190301-multires 18768 24356 4
001738-000532_1_08_20190301-multires 51574 24069 4
001738-000532_1_08_20190301-multires 54727 23353 4
001738-000532_1_08_20190301-multires 27657 23128 4
001738-000532_1_08_20190301-multires 15768 26924 4
001738-000532_1_08_20190301-multires 51739 22501 4
001738-000532_1_08_20190301-multires 53376 23358 4
001738-000532_1_08_20190301-multires 15486 22413 4
001738-000532_1_08_20190301-multires 51873 22012 4
001738-000532_1_08_20190301-multires 44667 21927 4
001738-000532_1_08_20190301-multires 44727 24475 4
001738-000532_1_08_20190301-multires 46317 23038 4
001738-000532_1_08_20190301-multires 49927 21589 4
001738-000532_1_08_20190301-multires 17193 22676 4
001738-000532_1_08_20190301-multires 48322 21339 4
001738-000532_1_08_20190301-multires 48160 20507 4
001738-000532_1_08_20190301-multires 40727 21580 4
001738-000532_1_08_20190301-multires 45305 20899 4
001738-000532_1_08_20190301-multires 49504 20231 4
001738-000532_1_08_20190301-multires 31050 22631 4
001738-000532_1_08_20190301-multires 48998 20222 4
001738-000532_1_08_20190301-multires 47079 20148 4
001738-000532_1_08_20190301-multires 46615 19601 4
001738-000532_1_08_20190301-multires 50994 19370 4
001738-000532_1_08_20190301-multires 51363 19314 4
001738-000532_1_08_20190301-multires 17262 20006 4
001738-000532_1_08_20190301-multires 45853 19245 4
001738-000532_1_08_20190301-multires 51171 18985 4
001738-000532_1_08_20190301-multires 51506 18933 4
001738-000532_1_08_20190301-multires 47981 18733 4
001738-000532_1_08_20190301-multires 46280 18641 4
001738-000532_1_08_20190301-multires 52756 18512 4
001738-000532_1_08_20190301-multires 14497 20126 4
001738-000532_1_08_20190301-multires 12913 18299 4
001738-000532_1_08_20190301-multires 51178 18140 4
001738-000532_1_08_20190301-multires 12618 20263 4
001738-000532_1_08_20190301-multires 52219 17907 4
001738-000532_1_08_20190301-multires 28468 18339 4
001738-000532_1_08_20190301-multires 48169 17507 4
001738-000532_1_08_20190301-multires 45974 17779 4
001738-000532_1_08_20190301-multires 48131 17191 4
001738-000532_1_08_20190301-multires 34531 18471 4
001738-000532_1_08_20190301-multires 36066 18065 4
001738-000532_1_08_20190301-multires 13467 16843 4
001738-000532_1_08_20190301-multires 48199 15390 4
001738-000532_1_08_20190301-multires 11397 16114 4
001738-000532_1_08_20190301-multires 44024 19270 4
001738-000532_1_08_20190301-multires 43874 20669 4
001738-000532_1_08_20190301-multires 32533 15808 4
001738-000532_1_08_20190301-multires 47658 15792 4
001738-000532_1_08_20190301-multires 49348 15082 4
001738-000532_1_08_20190301-multires 13554 15180 4
001738-000532_1_08_20190301-multires 47209 14888 4
001738-000532_1_08_20190301-multires 51886 15814 4
001738-000532_1_08_20190301-multires 12984 14140 4
001738-000532_1_08_20190301-multires 51676 13808 4
001738-000532_1_08_20190301-multires 23675 22461 4
001738-000532_1_08_20190301-multires 25726 28909 4
001738-000532_1_08_20190301-multires 23291 27704 4
001738-000532_1_08_20190301-multires 25224 27416 4
001738-000532_1_08_20190301-multires 25837 26938 4
001738-000532_1_08_20190301-multires 25059 22651 4
001738-000532_1_08_20190301-multires 21417 19972 4
001738-000532_1_08_20190301-multires 37034 13706 4
001738-000532_1_08_20190301-multires 7756 13234 4
001738-000532_1_08_20190301-multires 26182 12257 4
001738-000532_1_08_20190301-multires 11532 12989 4
001738-000532_1_08_20190301-multires 13985 11632 4
001738-000532_1_08_20190301-multires 23517 10663 4
001738-000532_1_08_20190301-multires 18082 13655 4
001738-000532_1_08_20190301-multires 22350 9666 4
001738-000532_1_08_20190301-multires 29642 10326 4
001738-000532_1_08_20190301-multires 49709 13664 4
001738-000532_1_08_20190301-multires 50747 21116 4
001738-000532_1_08_20190301-multires 41295 11634 4
001738-000532_1_08_20190301-multires 43163 13747 4
001738-000532_1_08_20190301-multires 42404 11543 4
001738-000532_1_08_20190301-multires 43594 11843 4
001738-000532_1_08_20190301-multires 44099 10876 4
001738-000532_1_08_20190301-multires 43970 7261 4
001738-000532_1_08_20190301-multires 49173 6671 4
001738-000532_1_08_20190301-multires 43238 5326 4
001738-000532_1_08_20190301-multires 48930 4699 4
001738-000532_1_08_20190301-multires 51683 4251 4
