001738-000265-multires 25058 53284 3
001738-000265-multires 17569 53860 3
001738-000265-multires 22754 51844 3
001738-000265-multires 24770 53284 3
001738-000265-multires 27650 51268 3
001738-000265-multires 20449 52996 3
001738-000265-multires 30530 51844 3
001738-000265-multires 23906 53860 3
001738-000265-multires 28802 51844 3
001738-000265-multires 25922 51844 3
001738-000265-multires 26210 50980 3
001738-000265-multires 22754 52132 3
001738-000265-multires 22178 52132 3
001738-000265-multires 24194 50692 3
001738-000265-multires 25346 51844 3
001738-000265-multires 19297 52996 3
001738-000265-multires 25634 51556 3
001738-000265-multires 25634 53860 3
001738-000265-multires 18145 51556 3
001738-000265-multires 26786 51556 3
001738-000265-multires 29042 51982 3
001738-000265-multires 27535 51121 3
001738-000265-multires 21012 52542 3
001738-000265-multires 25473 51178 3
001738-000265-multires 27355 50040 3
001738-000265-multires 30703 50872 3
001738-000265-multires 41152 29293 3
001738-000265-multires 40700 29366 3
001738-000265-multires 39444 29252 3
001738-000265-multires 45114 26581 3
001738-000265-multires 39478 27218 3
001738-000265-multires 43001 26330 3
001738-000265-multires 36038 25622 3
001738-000265-multires 43542 22534 3
001738-000265-multires 23330 51556 4
001738-000265-multires 31106 35139 4
001738-000265-multires 26498 50692 4
001738-000265-multires 23330 51268 4
001738-000265-multires 30818 35715 4
001738-000265-multires 24482 52132 4
001738-000265-multires 27074 50404 4
001738-000265-multires 23042 50980 4
001738-000265-multires 23906 51844 4
001738-000265-multires 22466 50692 4
001738-000265-multires 29090 51268 4
001738-000265-multires 22754 50980 4
001738-000265-multires 30818 35427 4
001738-000265-multires 23042 51268 4
001738-000265-multires 28802 50980 4
001738-000265-multires 29378 51268 4
001738-000265-multires 24194 52132 4
001738-000265-multires 26498 52132 4
001738-000265-multires 31106 35427 4
001738-000265-multires 28802 51268 4
001738-000265-multires 20590 54019 4
001738-000265-multires 28256 51885 4
001738-000265-multires 26464 52119 4
001738-000265-multires 28972 51176 4
001738-000265-multires 24934 50914 4
001738-000265-multires 19569 50404 4
001738-000265-multires 23208 51356 4
001738-000265-multires 26150 50396 4
001738-000265-multires 26995 50201 4
001738-000265-multires 30991 35456 4
