001738-000147-multires 23826 12553 1
001738-000147-multires 23826 13065 1
001738-000147-multires 23569 12553 1
001738-000147-multires 19214 15371 1
001738-000147-multires 23826 12809 1
001738-000147-multires 19726 15884 1
001738-000147-multires 18702 15884 1
001738-000147-multires 16908 13578 1
001738-000147-multires 24850 12297 1
001738-000147-multires 17165 12297 1
001738-000147-multires 19983 15627 1
001738-000147-multires 14346 5892 1
001738-000147-multires 14346 6148 1
001738-000147-multires 17677 12809 1
001738-000147-multires 19983 15884 1
001738-000147-multires 24850 12553 1
001738-000147-multires 17421 12809 1
001738-000147-multires 24082 13322 1
001738-000147-multires 19214 16140 1
001738-000147-multires 18958 15371 1
001738-000147-multires 19531 15895 1
001738-000147-multires 17084 12959 1
001738-000147-multires 24215 12563 1
001738-000147-multires 14109 6668 1
