001738-000109_1_17_20180822-multires 51989 30732 2
001738-000109_1_17_20180822-multires 65819 36111 2
001738-000109_1_17_20180822-multires 51989 30988 2
001738-000109_1_17_20180822-multires 66844 35086 2
001738-000109_1_17_20180822-multires 58136 30732 2
001738-000109_1_17_20180822-multires 36623 21769 2
001738-000109_1_17_20180822-multires 37135 23561 2
001738-000109_1_17_20180822-multires 36879 23305 2
001738-000109_1_17_20180822-multires 36367 22281 2
001738-000109_1_17_20180822-multires 65307 36111 2
001738-000109_1_17_20180822-multires 56343 31501 2
001738-000109_1_17_20180822-multires 55575 32013 2
001738-000109_1_17_20180822-multires 66075 36879 2
001738-000109_1_17_20180822-multires 67356 36623 2
001738-000109_1_17_20180822-multires 56599 30988 2
001738-000109_1_17_20180822-multires 9475 34318 2
001738-000109_1_17_20180822-multires 10244 34574 2
001738-000109_1_17_20180822-multires 66075 35855 2
001738-000109_1_17_20180822-multires 68892 24074 2
001738-000109_1_17_20180822-multires 66844 35855 2
001738-000109_1_17_20180822-multires 66548 36079 2
001738-000109_1_17_20180822-multires 10004 34747 2
001738-000109_1_17_20180822-multires 58561 31129 2
001738-000109_1_17_20180822-multires 56190 31517 2
001738-000109_1_17_20180822-multires 52089 30792 2
001738-000109_1_17_20180822-multires 68741 24181 2
001738-000109_1_17_20180822-multires 37010 23234 2
001738-000109_1_17_20180822-multires 35549 22809 2
001738-000109_1_17_20180822-multires 36515 21891 2
001738-000109_1_17_20180822-multires 42769 30220 4
001738-000109_1_17_20180822-multires 37647 30476 4
001738-000109_1_17_20180822-multires 53782 29708 4
001738-000109_1_17_20180822-multires 47379 30732 4
001738-000109_1_17_20180822-multires 53526 30476 4
001738-000109_1_17_20180822-multires 44818 27147 4
001738-000109_1_17_20180822-multires 45074 30732 4
001738-000109_1_17_20180822-multires 49428 30476 4
001738-000109_1_17_20180822-multires 44562 28427 4
001738-000109_1_17_20180822-multires 45074 28684 4
001738-000109_1_17_20180822-multires 47635 30476 4
001738-000109_1_17_20180822-multires 41745 29196 4
001738-000109_1_17_20180822-multires 45074 27915 4
001738-000109_1_17_20180822-multires 43282 29708 4
001738-000109_1_17_20180822-multires 38159 31245 4
001738-000109_1_17_20180822-multires 37391 30476 4
001738-000109_1_17_20180822-multires 53782 30220 4
001738-000109_1_17_20180822-multires 42257 28940 4
001738-000109_1_17_20180822-multires 45587 29708 4
001738-000109_1_17_20180822-multires 44818 27659 4
001738-000109_1_17_20180822-multires 47524 31022 4
001738-000109_1_17_20180822-multires 37800 30644 4
001738-000109_1_17_20180822-multires 53565 30037 4
001738-000109_1_17_20180822-multires 49578 30116 4
001738-000109_1_17_20180822-multires 42538 29618 4
001738-000109_1_17_20180822-multires 45249 29198 4
