001738-000150-multires 32275 35861 1
001738-000150-multires 32787 35605 1
001738-000150-multires 32019 35605 1
001738-000150-multires 33044 35349 1
001738-000150-multires 32787 35349 1
001738-000150-multires 32144 35727 1
001738-000150-multires 32845 35453 1
001738-000150-multires 24847 34581 2
001738-000150-multires 25359 34581 2
001738-000150-multires 23310 32019 2
001738-000150-multires 23310 32531 2
001738-000150-multires 39447 33300 2
001738-000150-multires 24847 34068 2
001738-000150-multires 39704 33300 2
001738-000150-multires 26127 34581 2
001738-000150-multires 23310 32275 2
001738-000150-multires 24847 34324 2
001738-000150-multires 25871 34581 2
001738-000150-multires 23310 32787 2
001738-000150-multires 24590 34324 2
001738-000150-multires 25615 33812 2
001738-000150-multires 24590 33812 2
001738-000150-multires 23054 32787 2
001738-000150-multires 25359 34324 2
001738-000150-multires 25103 34837 2
001738-000150-multires 26127 33812 2
001738-000150-multires 24590 33556 2
001738-000150-multires 25293 34164 2
001738-000150-multires 39813 33487 2
001738-000150-multires 23316 32474 2
001738-000150-multires 41455 11870 2
