001738-000118-multires 8067 17287 0
001738-000118-multires 9508 16135 0
001738-000118-multires 4610 14406 0
001738-000118-multires 10372 18440 0
001738-000118-multires 9508 17863 0
001738-000118-multires 10372 19016 0
001738-000118-multires 11236 17287 0
001738-000118-multires 6050 13253 0
001738-000118-multires 4898 11813 0
001738-000118-multires 6626 13253 0
001738-000118-multires 6050 12389 0
001738-000118-multires 3457 15270 0
001738-000118-multires 3457 12389 0
001738-000118-multires 3457 13253 0
001738-000118-multires 4321 10948 0
001738-000118-multires 11236 17575 0
001738-000118-multires 3169 12965 0
001738-000118-multires 3745 10372 0
001738-000118-multires 8067 16423 0
001738-000118-multires 9796 17863 0
001738-000118-multires 8291 15601 0
001738-000118-multires 4011 12724 0
001738-000118-multires 33134 16999 2
001738-000118-multires 25355 18728 2
001738-000118-multires 31405 16135 2
001738-000118-multires 22185 18728 2
001738-000118-multires 25643 17287 2
001738-000118-multires 28236 19016 2
001738-000118-multires 32558 17287 2
001738-000118-multires 33134 16135 2
001738-000118-multires 31405 16999 2
001738-000118-multires 26219 19880 2
001738-000118-multires 29388 17287 2
001738-000118-multires 23626 18728 2
001738-000118-multires 23338 20168 2
001738-000118-multires 32558 15846 2
001738-000118-multires 28812 16423 2
001738-000118-multires 28812 15846 2
001738-000118-multires 27372 19016 2
001738-000118-multires 29677 16711 2
001738-000118-multires 25067 17575 2
001738-000118-multires 30829 16423 2
001738-000118-multires 25467 18745 2
001738-000118-multires 29256 16627 2
001738-000118-multires 33740 16795 2
001738-000118-multires 32376 15323 2
