001738-000128-multires 9795 2016 1
001738-000128-multires 17574 8066 1
001738-000128-multires 10371 3457 1
001738-000128-multires 18438 6338 1
001738-000128-multires 18438 8066 1
001738-000128-multires 10371 2880 1
001738-000128-multires 20166 6338 1
001738-000128-multires 8642 2304 1
001738-000128-multires 9795 3169 1
001738-000128-multires 10083 4609 1
001738-000128-multires 18726 8354 1
001738-000128-multires 19014 8066 1
001738-000128-multires 19014 6914 1
001738-000128-multires 10371 2592 1
001738-000128-multires 18726 6914 1
001738-000128-multires 7490 9219 1
001738-000128-multires 9795 9507 1
001738-000128-multires 19014 7490 1
001738-000128-multires 19302 7778 1
001738-000128-multires 17862 7202 1
001738-000128-multires 6034 10008 1
001738-000128-multires 9534 9463 1
001738-000128-multires 8540 8901 1
001738-000128-multires 7390 8915 1
001738-000128-multires 18875 7132 1
001738-000128-multires 10331 2966 1
