001738-000061_1_07_20180724-multires 38595 15265 0
001738-000061_1_07_20180724-multires 59622 4896 0
001738-000061_1_07_20180724-multires 58758 5760 0
001738-000061_1_07_20180724-multires 57317 6912 0
001738-000061_1_07_20180724-multires 36291 14977 0
001738-000061_1_07_20180724-multires 40612 18721 0
001738-000061_1_07_20180724-multires 34851 21602 0
001738-000061_1_07_20180724-multires 41476 16417 0
001738-000061_1_07_20180724-multires 39748 16705 0
001738-000061_1_07_20180724-multires 38595 22466 0
001738-000061_1_07_20180724-multires 39748 23330 0
001738-000061_1_07_20180724-multires 57893 6624 0
001738-000061_1_07_20180724-multires 57605 5760 0
001738-000061_1_07_20180724-multires 59622 4320 0
001738-000061_1_07_20180724-multires 57893 6048 0
001738-000061_1_07_20180724-multires 40036 16417 0
001738-000061_1_07_20180724-multires 38307 17281 0
001738-000061_1_07_20180724-multires 35427 21026 0
001738-000061_1_07_20180724-multires 37155 14689 0
001738-000061_1_07_20180724-multires 34563 23906 0
001738-000061_1_07_20180724-multires 37382 22463 0
001738-000061_1_07_20180724-multires 39312 16566 0
001738-000061_1_07_20180724-multires 56941 5927 0
001738-000061_1_07_20180724-multires 54149 49541 1
001738-000061_1_07_20180724-multires 59910 52709 1
001738-000061_1_07_20180724-multires 55589 51845 1
001738-000061_1_07_20180724-multires 59046 55013 1
001738-000061_1_07_20180724-multires 57317 51269 1
001738-000061_1_07_20180724-multires 58470 53285 1
001738-000061_1_07_20180724-multires 55877 50981 1
001738-000061_1_07_20180724-multires 59334 49253 1
001738-000061_1_07_20180724-multires 55013 48677 1
001738-000061_1_07_20180724-multires 53861 51845 1
001738-000061_1_07_20180724-multires 58182 55013 1
001738-000061_1_07_20180724-multires 59910 54437 1
001738-000061_1_07_20180724-multires 54725 52997 1
001738-000061_1_07_20180724-multires 58758 50693 1
001738-000061_1_07_20180724-multires 52133 49541 1
001738-000061_1_07_20180724-multires 55589 48965 1
001738-000061_1_07_20180724-multires 59046 54437 1
001738-000061_1_07_20180724-multires 55877 52997 1
001738-000061_1_07_20180724-multires 52997 50981 1
001738-000061_1_07_20180724-multires 57029 50405 1
001738-000061_1_07_20180724-multires 56749 51583 1
