001738-000089_1_11_20180814-multires 7170 4609 0
001738-000089_1_11_20180814-multires 10243 27145 0
001738-000089_1_11_20180814-multires 7170 6402 0
001738-000089_1_11_20180814-multires 10755 26377 0
001738-000089_1_11_20180814-multires 10755 22792 0
001738-000089_1_11_20180814-multires 14853 22792 0
001738-000089_1_11_20180814-multires 13572 24328 0
001738-000089_1_11_20180814-multires 12804 25609 0
001738-000089_1_11_20180814-multires 12036 26889 0
001738-000089_1_11_20180814-multires 14853 25609 0
001738-000089_1_11_20180814-multires 10755 4097 0
001738-000089_1_11_20180814-multires 13060 25097 0
001738-000089_1_11_20180814-multires 6658 6402 0
001738-000089_1_11_20180814-multires 14341 25097 0
001738-000089_1_11_20180814-multires 8963 27145 0
001738-000089_1_11_20180814-multires 9731 27145 0
001738-000089_1_11_20180814-multires 13316 22023 0
001738-000089_1_11_20180814-multires 14853 24328 0
001738-000089_1_11_20180814-multires 12036 26377 0
001738-000089_1_11_20180814-multires 13060 25865 0
001738-000089_1_11_20180814-multires 12306 23807 0
001738-000089_1_11_20180814-multires 12720 21893 0
001738-000089_1_11_20180814-multires 7102 5192 0
001738-000089_1_11_20180814-multires 10363 4462 0
001738-000089_1_11_20180814-multires 36621 18950 1
001738-000089_1_11_20180814-multires 41487 17414 1
001738-000089_1_11_20180814-multires 16389 32267 1
001738-000089_1_11_20180814-multires 38926 16389 1
001738-000089_1_11_20180814-multires 38413 20231 1
001738-000089_1_11_20180814-multires 36621 19463 1
001738-000089_1_11_20180814-multires 44560 17670 1
001738-000089_1_11_20180814-multires 39182 16902 1
001738-000089_1_11_20180814-multires 36621 30475 1
001738-000089_1_11_20180814-multires 14341 32267 1
001738-000089_1_11_20180814-multires 38413 19463 1
001738-000089_1_11_20180814-multires 40206 15365 1
001738-000089_1_11_20180814-multires 13316 32267 1
001738-000089_1_11_20180814-multires 35084 30731 1
001738-000089_1_11_20180814-multires 35596 19206 1
001738-000089_1_11_20180814-multires 14853 31243 1
001738-000089_1_11_20180814-multires 43023 16133 1
001738-000089_1_11_20180814-multires 31243 31243 1
001738-000089_1_11_20180814-multires 17670 32267 1
001738-000089_1_11_20180814-multires 17158 34060 1
001738-000089_1_11_20180814-multires 31552 31480 1
001738-000089_1_11_20180814-multires 15307 32834 1
001738-000089_1_11_20180814-multires 35779 30729 1
001738-000089_1_11_20180814-multires 36191 20859 1
001738-000089_1_11_20180814-multires 41965 16971 1
001738-000089_1_11_20180814-multires 32011 18694 2
001738-000089_1_11_20180814-multires 58133 14085 2
001738-000089_1_11_20180814-multires 31755 18182 2
001738-000089_1_11_20180814-multires 57877 14085 2
001738-000089_1_11_20180814-multires 31755 18438 2
001738-000089_1_11_20180814-multires 58133 13829 2
001738-000089_1_11_20180814-multires 32011 18438 2
001738-000089_1_11_20180814-multires 58389 14085 2
001738-000089_1_11_20180814-multires 31499 18438 2
001738-000089_1_11_20180814-multires 56084 14597 2
001738-000089_1_11_20180814-multires 31499 18694 2
001738-000089_1_11_20180814-multires 31755 18694 2
001738-000089_1_11_20180814-multires 31740 18479 2
001738-000089_1_11_20180814-multires 56037 14521 2
001738-000089_1_11_20180814-multires 58092 14033 2
