001738-000068_1_05_20180731-multires 60445 32271 0
001738-000068_1_05_20180731-multires 60189 30478 0
001738-000068_1_05_20180731-multires 60445 33296 0
001738-000068_1_05_20180731-multires 60701 32783 0
001738-000068_1_05_20180731-multires 61213 32015 0
001738-000068_1_05_20180731-multires 59676 32783 0
001738-000068_1_05_20180731-multires 60189 31503 0
001738-000068_1_05_20180731-multires 60445 32783 0
001738-000068_1_05_20180731-multires 59676 31503 0
001738-000068_1_05_20180731-multires 61469 32271 0
001738-000068_1_05_20180731-multires 59676 30990 0
001738-000068_1_05_20180731-multires 61213 32271 0
001738-000068_1_05_20180731-multires 60189 32015 0
001738-000068_1_05_20180731-multires 60957 30222 0
001738-000068_1_05_20180731-multires 60701 31503 0
001738-000068_1_05_20180731-multires 61213 33039 0
001738-000068_1_05_20180731-multires 61469 30222 0
001738-000068_1_05_20180731-multires 60445 31503 0
001738-000068_1_05_20180731-multires 59420 31503 0
001738-000068_1_05_20180731-multires 59420 31247 0
001738-000068_1_05_20180731-multires 60307 31753 0
001738-000068_1_05_20180731-multires 28942 25356 1
001738-000068_1_05_20180731-multires 29966 22026 1
001738-000068_1_05_20180731-multires 26636 22538 1
001738-000068_1_05_20180731-multires 29966 24331 1
001738-000068_1_05_20180731-multires 30222 18440 1
001738-000068_1_05_20180731-multires 29710 23307 1
001738-000068_1_05_20180731-multires 29710 18697 1
001738-000068_1_05_20180731-multires 33552 22795 1
001738-000068_1_05_20180731-multires 31247 24075 1
001738-000068_1_05_20180731-multires 25612 23051 1
001738-000068_1_05_20180731-multires 29966 26124 1
001738-000068_1_05_20180731-multires 29198 26124 1
001738-000068_1_05_20180731-multires 28429 23051 1
001738-000068_1_05_20180731-multires 28685 19977 1
001738-000068_1_05_20180731-multires 24844 21514 1
001738-000068_1_05_20180731-multires 28429 18184 1
001738-000068_1_05_20180731-multires 28942 22795 1
001738-000068_1_05_20180731-multires 28173 17160 1
001738-000068_1_05_20180731-multires 28942 25868 1
001738-000068_1_05_20180731-multires 25868 20489 1
001738-000068_1_05_20180731-multires 29361 21671 1
