001738-000152-multires 34560 41760 1
001738-000152-multires 34272 42624 1
001738-000152-multires 35136 42336 1
001738-000152-multires 35136 41760 1
001738-000152-multires 34272 41472 1
001738-000152-multires 33696 42624 1
001738-000152-multires 35136 41184 1
001738-000152-multires 34272 41760 1
001738-000152-multires 35136 41472 1
001738-000152-multires 33984 42048 1
001738-000152-multires 34272 42336 1
001738-000152-multires 33696 42336 1
001738-000152-multires 34848 42048 1
001738-000152-multires 32544 43488 1
001738-000152-multires 31968 43776 1
001738-000152-multires 33984 42336 1
001738-000152-multires 33408 42912 1
001738-000152-multires 34848 40896 1
001738-000152-multires 34848 41760 1
001738-000152-multires 33408 42624 1
001738-000152-multires 34124 42136 1
