001738-000101_1_09_20180822-multires 13251 8930 0
001738-000101_1_09_20180822-multires 79507 24485 0
001738-000101_1_09_20180822-multires 80659 24774 0
001738-000101_1_09_20180822-multires 79219 25926 0
001738-000101_1_09_20180822-multires 13539 9506 0
001738-000101_1_09_20180822-multires 13827 9218 0
001738-000101_1_09_20180822-multires 79795 27654 0
001738-000101_1_09_20180822-multires 14403 9218 0
001738-000101_1_09_20180822-multires 80947 27078 0
001738-000101_1_09_20180822-multires 79507 24774 0
001738-000101_1_09_20180822-multires 79795 28230 0
001738-000101_1_09_20180822-multires 13827 8930 0
001738-000101_1_09_20180822-multires 13539 8642 0
001738-000101_1_09_20180822-multires 79219 24774 0
001738-000101_1_09_20180822-multires 79219 27654 0
001738-000101_1_09_20180822-multires 80659 27078 0
001738-000101_1_09_20180822-multires 79219 27942 0
001738-000101_1_09_20180822-multires 80947 26790 0
001738-000101_1_09_20180822-multires 13539 8354 0
001738-000101_1_09_20180822-multires 79795 25062 0
001738-000101_1_09_20180822-multires 12162 46192 0
001738-000101_1_09_20180822-multires 79498 27927 0
001738-000101_1_09_20180822-multires 80873 26789 0
001738-000101_1_09_20180822-multires 80576 24981 0
001738-000101_1_09_20180822-multires 79522 24860 0
001738-000101_1_09_20180822-multires 13747 9016 0
001738-000101_1_09_20180822-multires 34568 43498 2
001738-000101_1_09_20180822-multires 35144 47531 2
001738-000101_1_09_20180822-multires 31687 43498 2
001738-000101_1_09_20180822-multires 34280 48107 2
001738-000101_1_09_20180822-multires 36008 43210 2
001738-000101_1_09_20180822-multires 33992 48683 2
001738-000101_1_09_20180822-multires 37449 43498 2
001738-000101_1_09_20180822-multires 36008 43786 2
001738-000101_1_09_20180822-multires 37449 43786 2
001738-000101_1_09_20180822-multires 34856 48683 2
001738-000101_1_09_20180822-multires 31975 42058 2
001738-000101_1_09_20180822-multires 33992 50988 2
001738-000101_1_09_20180822-multires 37161 43786 2
001738-000101_1_09_20180822-multires 35720 43786 2
001738-000101_1_09_20180822-multires 11234 53581 2
001738-000101_1_09_20180822-multires 33704 50124 2
001738-000101_1_09_20180822-multires 36872 44650 2
001738-000101_1_09_20180822-multires 10658 53292 2
001738-000101_1_09_20180822-multires 36296 43786 2
001738-000101_1_09_20180822-multires 10946 52716 2
001738-000101_1_09_20180822-multires 10838 52841 2
001738-000101_1_09_20180822-multires 34811 50246 2
001738-000101_1_09_20180822-multires 33503 50194 2
001738-000101_1_09_20180822-multires 34428 47925 2
001738-000101_1_09_20180822-multires 34449 45523 2
001738-000101_1_09_20180822-multires 34366 44100 2
001738-000101_1_09_20180822-multires 31508 43390 2
001738-000101_1_09_20180822-multires 31949 42917 2
001738-000101_1_09_20180822-multires 30149 42630 2
001738-000101_1_09_20180822-multires 35417 43076 2
001738-000101_1_09_20180822-multires 34971 43515 2
