001738-000129-multires 57048 31405 1
001738-000129-multires 57336 25642 1
001738-000129-multires 55895 29964 1
001738-000129-multires 57624 31117 1
001738-000129-multires 57624 28524 1
001738-000129-multires 57336 32557 1
001738-000129-multires 57912 22185 1
001738-000129-multires 42065 38320 1
001738-000129-multires 57912 25931 1
001738-000129-multires 57048 31117 1
001738-000129-multires 58200 26507 1
001738-000129-multires 57336 27371 1
001738-000129-multires 57336 30252 1
001738-000129-multires 57912 31981 1
001738-000129-multires 58200 24778 1
001738-000129-multires 59065 30252 1
001738-000129-multires 59641 24490 1
001738-000129-multires 57912 23626 1
001738-000129-multires 59929 24778 1
001738-000129-multires 58488 27659 1
001738-000129-multires 42568 39054 1
001738-000129-multires 57739 30305 1
001738-000129-multires 58525 24599 1
