001738-000078_1_15_20180731-multires 37902 7938 0
001738-000078_1_15_20180731-multires 39950 8707 0
001738-000078_1_15_20180731-multires 37390 8963 0
001738-000078_1_15_20180731-multires 41999 13573 0
001738-000078_1_15_20180731-multires 38670 8451 0
001738-000078_1_15_20180731-multires 39438 7938 0
001738-000078_1_15_20180731-multires 43024 12292 0
001738-000078_1_15_20180731-multires 37902 8195 0
001738-000078_1_15_20180731-multires 37902 8963 0
001738-000078_1_15_20180731-multires 38158 8451 0
001738-000078_1_15_20180731-multires 38670 7938 0
001738-000078_1_15_20180731-multires 42255 13060 0
001738-000078_1_15_20180731-multires 41487 13316 0
001738-000078_1_15_20180731-multires 38926 7170 0
001738-000078_1_15_20180731-multires 42255 12548 0
001738-000078_1_15_20180731-multires 40463 12804 0
001738-000078_1_15_20180731-multires 38414 9219 0
001738-000078_1_15_20180731-multires 42768 14085 0
001738-000078_1_15_20180731-multires 43280 11780 0
001738-000078_1_15_20180731-multires 38158 8707 0
001738-000078_1_15_20180731-multires 42977 12393 0
001738-000078_1_15_20180731-multires 35755 10302 0
001738-000078_1_15_20180731-multires 38626 8021 0
001738-000078_1_15_20180731-multires 24841 40463 1
001738-000078_1_15_20180731-multires 26890 45585 1
001738-000078_1_15_20180731-multires 25353 40207 1
001738-000078_1_15_20180731-multires 24585 42768 1
001738-000078_1_15_20180731-multires 23560 43792 1
001738-000078_1_15_20180731-multires 23304 40719 1
001738-000078_1_15_20180731-multires 43024 16902 1
001738-000078_1_15_20180731-multires 28426 41231 1
001738-000078_1_15_20180731-multires 28170 46609 1
001738-000078_1_15_20180731-multires 41487 18951 1
001738-000078_1_15_20180731-multires 22792 44816 1
001738-000078_1_15_20180731-multires 23560 40207 1
001738-000078_1_15_20180731-multires 28170 45072 1
001738-000078_1_15_20180731-multires 23304 39950 1
001738-000078_1_15_20180731-multires 28682 45585 1
001738-000078_1_15_20180731-multires 26890 40463 1
001738-000078_1_15_20180731-multires 23304 43280 1
001738-000078_1_15_20180731-multires 41743 18438 1
001738-000078_1_15_20180731-multires 27402 42511 1
001738-000078_1_15_20180731-multires 24329 39694 1
001738-000078_1_15_20180731-multires 26146 42794 1
001738-000078_1_15_20180731-multires 21371 39242 1
001738-000078_1_15_20180731-multires 40493 18470 1
001738-000078_1_15_20180731-multires 42367 16772 1
