001738-000059_1_05_20180724-multires 60776 37157 0
001738-000059_1_05_20180724-multires 31396 33124 0
001738-000059_1_05_20180724-multires 61352 38597 0
001738-000059_1_05_20180724-multires 67113 39749 0
001738-000059_1_05_20180724-multires 30820 33988 0
001738-000059_1_05_20180724-multires 59912 37445 0
001738-000059_1_05_20180724-multires 32548 37445 0
001738-000059_1_05_20180724-multires 32836 33988 0
001738-000059_1_05_20180724-multires 64520 39749 0
001738-000059_1_05_20180724-multires 65385 40037 0
001738-000059_1_05_20180724-multires 33412 36004 0
001738-000059_1_05_20180724-multires 59336 38021 0
001738-000059_1_05_20180724-multires 66825 40325 0
001738-000059_1_05_20180724-multires 67113 40901 0
001738-000059_1_05_20180724-multires 32836 34276 0
001738-000059_1_05_20180724-multires 34564 36293 0
001738-000059_1_05_20180724-multires 32548 37157 0
001738-000059_1_05_20180724-multires 66249 39461 0
001738-000059_1_05_20180724-multires 31972 33700 0
001738-000059_1_05_20180724-multires 59048 37733 0
001738-000059_1_05_20180724-multires 65846 40369 0
001738-000059_1_05_20180724-multires 60449 38171 0
001738-000059_1_05_20180724-multires 32624 34720 0
001738-000059_1_05_20180724-multires 41477 12673 1
001738-000059_1_05_20180724-multires 50695 28803 1
001738-000059_1_05_20180724-multires 61064 23907 1
001738-000059_1_05_20180724-multires 55879 26787 1
001738-000059_1_05_20180724-multires 53575 27363 1
001738-000059_1_05_20180724-multires 57896 29380 1
001738-000059_1_05_20180724-multires 51847 25059 1
001738-000059_1_05_20180724-multires 50695 23907 1
001738-000059_1_05_20180724-multires 51847 26499 1
001738-000059_1_05_20180724-multires 52135 24483 1
001738-000059_1_05_20180724-multires 51271 24483 1
001738-000059_1_05_20180724-multires 54439 29668 1
001738-000059_1_05_20180724-multires 46950 26499 1
001738-000059_1_05_20180724-multires 46662 14978 1
001738-000059_1_05_20180724-multires 58184 24483 1
001738-000059_1_05_20180724-multires 61064 21602 1
001738-000059_1_05_20180724-multires 62504 22179 1
001738-000059_1_05_20180724-multires 50406 23907 1
001738-000059_1_05_20180724-multires 59336 22467 1
001738-000059_1_05_20180724-multires 50695 21026 1
001738-000059_1_05_20180724-multires 54985 24159 1
001738-000059_1_05_20180724-multires 46681 13125 1
001738-000059_1_05_20180724-multires 40741 10948 1
