001738-000123-multires 64234 27652 1
001738-000123-multires 66538 31685 1
001738-000123-multires 63658 25636 1
001738-000123-multires 65098 32837 1
001738-000123-multires 64810 21603 1
001738-000123-multires 62793 23619 1
001738-000123-multires 66538 21027 1
001738-000123-multires 63370 24771 1
001738-000123-multires 61929 21603 1
001738-000123-multires 63370 21027 1
001738-000123-multires 63658 30820 1
001738-000123-multires 65674 30244 1
001738-000123-multires 63081 31108 1
001738-000123-multires 65674 26212 1
001738-000123-multires 61929 26788 1
001738-000123-multires 63081 19011 1
001738-000123-multires 65962 23619 1
001738-000123-multires 64810 22179 1
001738-000123-multires 66826 28228 1
001738-000123-multires 67690 20451 1
001738-000123-multires 64031 27693 1
001738-000123-multires 64138 25588 1
001738-000123-multires 65045 20739 1
