001738-000144-multires 73008 24848 0
001738-000144-multires 75313 25104 0
001738-000144-multires 69934 18187 0
001738-000144-multires 72495 24592 0
001738-000144-multires 76082 24079 0
001738-000144-multires 72751 25360 0
001738-000144-multires 76082 24592 0
001738-000144-multires 75825 24336 0
001738-000144-multires 73520 25104 0
001738-000144-multires 74288 24592 0
001738-000144-multires 75569 24336 0
001738-000144-multires 73776 24592 0
001738-000144-multires 73008 25360 0
001738-000144-multires 76338 25104 0
001738-000144-multires 72239 24848 0
001738-000144-multires 75313 24848 0
001738-000144-multires 75825 24079 0
001738-000144-multires 73776 25104 0
001738-000144-multires 72239 24592 0
001738-000144-multires 76594 24592 0
001738-000144-multires 73365 24733 0
001738-000144-multires 75790 24520 0
001738-000144-multires 70107 18372 0
001738-000144-multires 3842 26897 1
001738-000144-multires 6148 28434 1
001738-000144-multires 7172 30227 1
001738-000144-multires 87353 7941 1
001738-000144-multires 8453 28947 1
001738-000144-multires 86585 9222 1
001738-000144-multires 8453 29715 1
001738-000144-multires 9478 27153 1
001738-000144-multires 4867 29971 1
001738-000144-multires 6404 29971 1
001738-000144-multires 4611 29971 1
001738-000144-multires 86072 8709 1
001738-000144-multires 10502 27153 1
001738-000144-multires 87865 8709 1
001738-000144-multires 5123 26641 1
001738-000144-multires 86328 8965 1
001738-000144-multires 4611 26897 1
001738-000144-multires 5123 27153 1
001738-000144-multires 84023 8709 1
001738-000144-multires 4354 26641 1
001738-000144-multires 6535 29375 1
001738-000144-multires 10365 27461 1
001738-000144-multires 4217 27094 1
001738-000144-multires 9566 25836 1
001738-000144-multires 83939 8786 1
001738-000144-multires 86271 8789 1
001738-000144-multires 87930 8784 1
001738-000144-multires 45598 32789 2
001738-000144-multires 45598 32277 2
001738-000144-multires 94013 11527 2
001738-000144-multires 95038 11783 2
001738-000144-multires 96575 11271 2
001738-000144-multires 94526 11527 2
001738-000144-multires 46110 32789 2
001738-000144-multires 94782 11015 2
001738-000144-multires 96575 11527 2
001738-000144-multires 94782 9222 2
001738-000144-multires 94270 11527 2
001738-000144-multires 45341 32277 2
001738-000144-multires 95294 11015 2
001738-000144-multires 44573 37400 2
001738-000144-multires 45598 32533 2
001738-000144-multires 95550 11015 2
001738-000144-multires 45341 31764 2
001738-000144-multires 94013 10502 2
001738-000144-multires 95038 10759 2
001738-000144-multires 44061 37144 2
001738-000144-multires 44313 37154 2
001738-000144-multires 45614 32170 2
001738-000144-multires 17463 17379 2
001738-000144-multires 94941 11158 2
001738-000144-multires 94528 8879 2
