001738-000080_1_02_20180814-multires 36110 33293 1
001738-000080_1_02_20180814-multires 40976 30219 1
001738-000080_1_02_20180814-multires 33293 32268 1
001738-000080_1_02_20180814-multires 31500 33805 1
001738-000080_1_02_20180814-multires 36110 35854 1
001738-000080_1_02_20180814-multires 29707 31500 1
001738-000080_1_02_20180814-multires 31500 27915 1
001738-000080_1_02_20180814-multires 30732 31500 1
001738-000080_1_02_20180814-multires 32012 35342 1
001738-000080_1_02_20180814-multires 32524 33805 1
001738-000080_1_02_20180814-multires 29195 34317 1
001738-000080_1_02_20180814-multires 42768 34573 1
001738-000080_1_02_20180814-multires 32012 33293 1
001738-000080_1_02_20180814-multires 32524 36110 1
001738-000080_1_02_20180814-multires 42000 33549 1
001738-000080_1_02_20180814-multires 42256 30988 1
001738-000080_1_02_20180814-multires 30219 32781 1
001738-000080_1_02_20180814-multires 38415 34829 1
001738-000080_1_02_20180814-multires 43793 28683 1
001738-000080_1_02_20180814-multires 35598 34061 1
001738-000080_1_02_20180814-multires 33805 36062 1
001738-000080_1_02_20180814-multires 36921 34455 1
001738-000080_1_02_20180814-multires 20538 33585 1
001738-000080_1_02_20180814-multires 41681 33568 1
001738-000080_1_02_20180814-multires 31054 33446 1
001738-000080_1_02_20180814-multires 23936 31233 1
001738-000080_1_02_20180814-multires 23641 29532 1
001738-000080_1_02_20180814-multires 41539 29453 1
001738-000080_1_02_20180814-multires 42758 29357 1
001738-000080_1_02_20180814-multires 42478 28412 1
001738-000080_1_02_20180814-multires 32173 27797 1
001738-000080_1_02_20180814-multires 33037 29451 2
001738-000080_1_02_20180814-multires 25097 33293 2
001738-000080_1_02_20180814-multires 23817 33549 2
001738-000080_1_02_20180814-multires 24073 34573 2
001738-000080_1_02_20180814-multires 34061 28683 2
001738-000080_1_02_20180814-multires 34573 29963 2
001738-000080_1_02_20180814-multires 34317 30476 2
001738-000080_1_02_20180814-multires 25097 33549 2
001738-000080_1_02_20180814-multires 25354 33805 2
001738-000080_1_02_20180814-multires 34317 29195 2
001738-000080_1_02_20180814-multires 33805 30219 2
001738-000080_1_02_20180814-multires 25866 33293 2
001738-000080_1_02_20180814-multires 32781 29707 2
001738-000080_1_02_20180814-multires 33293 29195 2
001738-000080_1_02_20180814-multires 24841 34829 2
001738-000080_1_02_20180814-multires 23817 34061 2
001738-000080_1_02_20180814-multires 33037 28683 2
001738-000080_1_02_20180814-multires 26122 31244 2
001738-000080_1_02_20180814-multires 24073 34829 2
001738-000080_1_02_20180814-multires 33293 30732 2
001738-000080_1_02_20180814-multires 24748 34029 2
001738-000080_1_02_20180814-multires 26192 31162 2
001738-000080_1_02_20180814-multires 33680 29603 2
