001738-000120-multires 13074 4870 1
001738-000120-multires 12561 5127 1
001738-000120-multires 14868 3845 1
001738-000120-multires 13074 4101 1
001738-000120-multires 11279 5383 1
001738-000120-multires 12561 5383 1
001738-000120-multires 13074 3845 1
001738-000120-multires 12305 4614 1
001738-000120-multires 14612 15125 1
001738-000120-multires 12048 6152 1
001738-000120-multires 13074 5896 1
001738-000120-multires 11792 5383 1
001738-000120-multires 13074 4358 1
001738-000120-multires 13587 3845 1
001738-000120-multires 14356 5383 1
001738-000120-multires 11792 4614 1
001738-000120-multires 14868 13843 1
001738-000120-multires 14099 4358 1
001738-000120-multires 14356 15637 1
001738-000120-multires 16150 14356 1
001738-000120-multires 14894 14817 1
001738-000120-multires 13220 13270 1
001738-000120-multires 12964 5086 1
001738-000120-multires 15125 4099 1
