001738-000092_1_14_20180814-multires 50449 53778 0
001738-000092_1_14_20180814-multires 48400 56339 0
001738-000092_1_14_20180814-multires 48912 54546 0
001738-000092_1_14_20180814-multires 20230 32779 0
001738-000092_1_14_20180814-multires 49168 55570 0
001738-000092_1_14_20180814-multires 22535 33035 0
001738-000092_1_14_20180814-multires 49168 54034 0
001738-000092_1_14_20180814-multires 20743 35083 0
001738-000092_1_14_20180814-multires 22791 34571 0
001738-000092_1_14_20180814-multires 21767 32010 0
001738-000092_1_14_20180814-multires 48912 55058 0
001738-000092_1_14_20180814-multires 22791 32523 0
001738-000092_1_14_20180814-multires 47120 52754 0
001738-000092_1_14_20180814-multires 20743 33291 0
001738-000092_1_14_20180814-multires 20999 34571 0
001738-000092_1_14_20180814-multires 50705 54546 0
001738-000092_1_14_20180814-multires 21511 32779 0
001738-000092_1_14_20180814-multires 48912 53522 0
001738-000092_1_14_20180814-multires 22791 33035 0
001738-000092_1_14_20180814-multires 50193 55570 0
001738-000092_1_14_20180814-multires 48706 54464 0
001738-000092_1_14_20180814-multires 21755 33287 0
001738-000092_1_14_20180814-multires 71960 23560 1
001738-000092_1_14_20180814-multires 69399 31242 1
001738-000092_1_14_20180814-multires 75801 19462 1
001738-000092_1_14_20180814-multires 74009 28425 1
001738-000092_1_14_20180814-multires 72728 30474 1
001738-000092_1_14_20180814-multires 56595 30730 1
001738-000092_1_14_20180814-multires 76057 24584 1
001738-000092_1_14_20180814-multires 74009 21767 1
001738-000092_1_14_20180814-multires 77338 16645 1
001738-000092_1_14_20180814-multires 75545 23560 1
001738-000092_1_14_20180814-multires 55827 31754 1
001738-000092_1_14_20180814-multires 54034 26120 1
001738-000092_1_14_20180814-multires 71704 26377 1
001738-000092_1_14_20180814-multires 64277 6658 1
001738-000092_1_14_20180814-multires 72216 23816 1
001738-000092_1_14_20180814-multires 73497 28681 1
001738-000092_1_14_20180814-multires 69911 23303 1
001738-000092_1_14_20180814-multires 72472 22791 1
001738-000092_1_14_20180814-multires 56595 22791 1
001738-000092_1_14_20180814-multires 69655 27657 1
001738-000092_1_14_20180814-multires 55522 31723 1
001738-000092_1_14_20180814-multires 55170 31914 1
001738-000092_1_14_20180814-multires 54823 24780 1
001738-000092_1_14_20180814-multires 72854 24638 1
001738-000092_1_14_20180814-multires 64670 7698 1
001738-000092_1_14_20180814-multires 62485 21255 2
001738-000092_1_14_20180814-multires 61717 20999 2
001738-000092_1_14_20180814-multires 61717 20487 2
001738-000092_1_14_20180814-multires 62485 21511 2
001738-000092_1_14_20180814-multires 61461 20743 2
001738-000092_1_14_20180814-multires 61461 20487 2
001738-000092_1_14_20180814-multires 62485 21767 2
001738-000092_1_14_20180814-multires 62741 22023 2
001738-000092_1_14_20180814-multires 62741 21767 2
001738-000092_1_14_20180814-multires 62485 22023 2
001738-000092_1_14_20180814-multires 62229 21767 2
001738-000092_1_14_20180814-multires 62741 20999 2
001738-000092_1_14_20180814-multires 61461 21255 2
001738-000092_1_14_20180814-multires 61461 20999 2
001738-000092_1_14_20180814-multires 61717 21255 2
001738-000092_1_14_20180814-multires 61717 20743 2
001738-000092_1_14_20180814-multires 62741 21511 2
001738-000092_1_14_20180814-multires 62610 21520 2
001738-000092_1_14_20180814-multires 61563 20849 2
