001738-000067_1_04_20180731-multires 39953 43794 0
001738-000067_1_04_20180731-multires 43026 45843 0
001738-000067_1_04_20180731-multires 41233 45587 0
001738-000067_1_04_20180731-multires 40465 45075 0
001738-000067_1_04_20180731-multires 39953 44050 0
001738-000067_1_04_20180731-multires 40209 45075 0
001738-000067_1_04_20180731-multires 39697 45587 0
001738-000067_1_04_20180731-multires 40465 45331 0
001738-000067_1_04_20180731-multires 64795 31757 0
001738-000067_1_04_20180731-multires 65051 32525 0
001738-000067_1_04_20180731-multires 38672 45075 0
001738-000067_1_04_20180731-multires 40721 45075 0
001738-000067_1_04_20180731-multires 65051 33806 0
001738-000067_1_04_20180731-multires 65820 32782 0
001738-000067_1_04_20180731-multires 64283 33806 0
001738-000067_1_04_20180731-multires 39953 46099 0
001738-000067_1_04_20180731-multires 41745 44819 0
001738-000067_1_04_20180731-multires 40465 43794 0
001738-000067_1_04_20180731-multires 40465 44819 0
001738-000067_1_04_20180731-multires 40209 45843 0
001738-000067_1_04_20180731-multires 40622 45201 0
001738-000067_1_04_20180731-multires 64794 32598 0
001738-000067_1_04_20180731-multires 6146 28428 1
001738-000067_1_04_20180731-multires 3585 30220 1
001738-000067_1_04_20180731-multires 3329 29196 1
001738-000067_1_04_20180731-multires 3329 29964 1
001738-000067_1_04_20180731-multires 4353 29964 1
001738-000067_1_04_20180731-multires 5890 29708 1
001738-000067_1_04_20180731-multires 6658 31245 1
001738-000067_1_04_20180731-multires 5890 30733 1
001738-000067_1_04_20180731-multires 6914 29964 1
001738-000067_1_04_20180731-multires 6914 29452 1
001738-000067_1_04_20180731-multires 4609 27659 1
001738-000067_1_04_20180731-multires 6658 28172 1
001738-000067_1_04_20180731-multires 4866 28684 1
001738-000067_1_04_20180731-multires 5890 27915 1
001738-000067_1_04_20180731-multires 6402 30733 1
001738-000067_1_04_20180731-multires 5634 28940 1
001738-000067_1_04_20180731-multires 4866 27659 1
001738-000067_1_04_20180731-multires 3841 27659 1
001738-000067_1_04_20180731-multires 4353 28940 1
001738-000067_1_04_20180731-multires 3585 29452 1
001738-000067_1_04_20180731-multires 5298 29115 1
