001738-000516_1_09_20190131-multires 72302 29669 0
001738-000516_1_09_20190131-multires 74606 31110 0
001738-000516_1_09_20190131-multires 74894 28805 0
001738-000516_1_09_20190131-multires 75470 28229 0
001738-000516_1_09_20190131-multires 74894 30822 0
001738-000516_1_09_20190131-multires 72878 29957 0
001738-000516_1_09_20190131-multires 76046 29093 0
001738-000516_1_09_20190131-multires 72302 32262 0
001738-000516_1_09_20190131-multires 74030 31686 0
001738-000516_1_09_20190131-multires 74318 30822 0
001738-000516_1_09_20190131-multires 74606 27653 0
001738-000516_1_09_20190131-multires 74318 26789 0
001738-000516_1_09_20190131-multires 72590 30534 0
001738-000516_1_09_20190131-multires 75182 28805 0
001738-000516_1_09_20190131-multires 74318 29669 0
001738-000516_1_09_20190131-multires 75182 29669 0
001738-000516_1_09_20190131-multires 73454 31686 0
001738-000516_1_09_20190131-multires 74894 31110 0
001738-000516_1_09_20190131-multires 72878 31974 0
001738-000516_1_09_20190131-multires 73166 29669 0
001738-000516_1_09_20190131-multires 73725 29587 0
