001738-000125-multires 16708 37737 1
001738-000125-multires 16420 36873 1
001738-000125-multires 15267 36873 1
001738-000125-multires 15555 36585 1
001738-000125-multires 15555 36873 1
001738-000125-multires 16131 37737 1
001738-000125-multires 15843 36873 1
001738-000125-multires 14979 36296 1
001738-000125-multires 16420 37449 1
001738-000125-multires 16131 37449 1
001738-000125-multires 16708 37449 1
001738-000125-multires 15555 37161 1
001738-000125-multires 15267 36296 1
001738-000125-multires 16131 36873 1
001738-000125-multires 16131 36585 1
001738-000125-multires 16131 37161 1
001738-000125-multires 15843 37161 1
001738-000125-multires 14979 36008 1
001738-000125-multires 15267 36585 1
001738-000125-multires 15843 36585 1
001738-000125-multires 15883 37007 1
001738-000125-multires 30247 30823 2
001738-000125-multires 30823 35144 2
001738-000125-multires 29959 36585 2
001738-000125-multires 21029 23045 2
001738-000125-multires 30823 30247 2
001738-000125-multires 30247 36296 2
001738-000125-multires 37161 28230 2
001738-000125-multires 31687 37161 2
001738-000125-multires 31399 32552 2
001738-000125-multires 38889 29095 2
001738-000125-multires 29959 32263 2
001738-000125-multires 31111 32263 2
001738-000125-multires 21029 22757 2
001738-000125-multires 38889 27654 2
001738-000125-multires 37449 27366 2
001738-000125-multires 32840 34856 2
001738-000125-multires 30823 31975 2
001738-000125-multires 32552 35432 2
001738-000125-multires 33128 33128 2
001738-000125-multires 30535 36585 2
001738-000125-multires 31145 34547 2
001738-000125-multires 30339 33634 2
001738-000125-multires 30000 30163 2
001738-000125-multires 28650 29018 2
001738-000125-multires 38118 28324 2
001738-000125-multires 22213 23457 2
001738-000125-multires 24708 22897 2
001738-000125-multires 20215 21718 2
