001738-000056_1_02_20180724-multires 8065 18148 0
001738-000056_1_02_20180724-multires 11234 21604 0
001738-000056_1_02_20180724-multires 36584 8065 0
001738-000056_1_02_20180724-multires 11810 38888 0
001738-000056_1_02_20180724-multires 7201 22181 0
001738-000056_1_02_20180724-multires 6625 18148 0
001738-000056_1_02_20180724-multires 11522 36872 0
001738-000056_1_02_20180724-multires 9506 36872 0
001738-000056_1_02_20180724-multires 36872 6913 0
001738-000056_1_02_20180724-multires 34567 6913 0
001738-000056_1_02_20180724-multires 9506 40041 0
001738-000056_1_02_20180724-multires 9506 19012 0
001738-000056_1_02_20180724-multires 9218 39465 0
001738-000056_1_02_20180724-multires 9794 15555 0
001738-000056_1_02_20180724-multires 11234 19588 0
001738-000056_1_02_20180724-multires 8353 23333 0
001738-000056_1_02_20180724-multires 6049 21892 0
001738-000056_1_02_20180724-multires 10370 16995 0
001738-000056_1_02_20180724-multires 9794 36584 0
001738-000056_1_02_20180724-multires 9794 36872 0
001738-000056_1_02_20180724-multires 10436 38011 0
001738-000056_1_02_20180724-multires 9134 19694 0
001738-000056_1_02_20180724-multires 35712 6680 0
001738-000056_1_02_20180724-multires 53580 29094 1
001738-000056_1_02_20180724-multires 54732 24773 1
001738-000056_1_02_20180724-multires 50411 28230 1
001738-000056_1_02_20180724-multires 56460 24197 1
001738-000056_1_02_20180724-multires 51851 26502 1
001738-000056_1_02_20180724-multires 55884 25349 1
001738-000056_1_02_20180724-multires 56172 28518 1
001738-000056_1_02_20180724-multires 49835 27942 1
001738-000056_1_02_20180724-multires 55596 29094 1
001738-000056_1_02_20180724-multires 56460 27942 1
001738-000056_1_02_20180724-multires 55308 25637 1
001738-000056_1_02_20180724-multires 53868 27942 1
001738-000056_1_02_20180724-multires 57613 27366 1
001738-000056_1_02_20180724-multires 55884 25637 1
001738-000056_1_02_20180724-multires 50411 27366 1
001738-000056_1_02_20180724-multires 50411 27942 1
001738-000056_1_02_20180724-multires 53868 28518 1
001738-000056_1_02_20180724-multires 55308 25061 1
001738-000056_1_02_20180724-multires 56172 25637 1
001738-000056_1_02_20180724-multires 50987 26502 1
001738-000056_1_02_20180724-multires 51296 27065 1
001738-000056_1_02_20180724-multires 55339 27004 1
