001738-000136-multires 14856 20491 0
001738-000136-multires 14856 15880 0
001738-000136-multires 18698 14343 0
001738-000136-multires 18186 17929 0
001738-000136-multires 16649 18442 0
001738-000136-multires 9989 19979 0
001738-000136-multires 17673 14087 0
001738-000136-multires 17673 17161 0
001738-000136-multires 12550 16649 0
001738-000136-multires 21515 9221 0
001738-000136-multires 13831 19979 0
001738-000136-multires 16649 15880 0
001738-000136-multires 21515 10245 0
001738-000136-multires 14087 16649 0
001738-000136-multires 15112 19722 0
001738-000136-multires 12807 18186 0
001738-000136-multires 11782 16649 0
001738-000136-multires 12550 15624 0
001738-000136-multires 17929 15112 0
001738-000136-multires 17673 15880 0
001738-000136-multires 15863 16886 0
001738-000136-multires 21629 10140 0
001738-000136-multires 7428 8708 1
001738-000136-multires 10245 5122 1
001738-000136-multires 8452 6403 1
001738-000136-multires 4610 4610 1
001738-000136-multires 6659 8964 1
001738-000136-multires 10245 5635 1
001738-000136-multires 6403 3585 1
001738-000136-multires 6147 8964 1
001738-000136-multires 9477 4610 1
001738-000136-multires 4866 4354 1
001738-000136-multires 8708 4098 1
001738-000136-multires 9221 5122 1
001738-000136-multires 7428 8964 1
001738-000136-multires 6147 4098 1
001738-000136-multires 6147 10757 1
001738-000136-multires 6147 9733 1
001738-000136-multires 9221 3585 1
001738-000136-multires 7428 9477 1
001738-000136-multires 8452 8708 1
001738-000136-multires 7171 9477 1
001738-000136-multires 6812 9250 1
001738-000136-multires 4624 4260 1
001738-000136-multires 6292 4135 1
001738-000136-multires 9333 5016 1
