001738-000130-multires 16416 14976 2
001738-000130-multires 26784 10080 2
001738-000130-multires 16128 12672 2
001738-000130-multires 17568 12672 2
001738-000130-multires 18432 13248 2
001738-000130-multires 18432 13824 2
001738-000130-multires 17856 15840 2
001738-000130-multires 15840 13248 2
001738-000130-multires 16704 15840 2
001738-000130-multires 17568 16128 2
001738-000130-multires 28801 9504 2
001738-000130-multires 14688 15264 2
001738-000130-multires 15552 15264 2
001738-000130-multires 17280 14688 2
001738-000130-multires 16128 15840 2
001738-000130-multires 25920 9504 2
001738-000130-multires 16704 12960 2
001738-000130-multires 16128 13536 2
001738-000130-multires 27360 9504 2
001738-000130-multires 16416 12960 2
001738-000130-multires 22120 17862 2
001738-000130-multires 16456 15288 2
001738-000130-multires 17168 13061 2
001738-000130-multires 28678 9985 2
001738-000130-multires 26673 9370 2
001738-000130-multires 11520 14400 4
001738-000130-multires 11520 14112 4
001738-000130-multires 11808 14400 4
001738-000130-multires 11518 14288 4
