001738-000096_1_04_20180822-multires 61642 14978 0
001738-000096_1_04_20180822-multires 59338 15842 0
001738-000096_1_04_20180822-multires 59914 14114 0
001738-000096_1_04_20180822-multires 59049 15842 0
001738-000096_1_04_20180822-multires 61354 19587 0
001738-000096_1_04_20180822-multires 60778 20739 0
001738-000096_1_04_20180822-multires 61354 13538 0
001738-000096_1_04_20180822-multires 61066 14978 0
001738-000096_1_04_20180822-multires 59049 16994 0
001738-000096_1_04_20180822-multires 59914 13826 0
001738-000096_1_04_20180822-multires 62506 12674 0
001738-000096_1_04_20180822-multires 59049 16706 0
001738-000096_1_04_20180822-multires 63082 12386 0
001738-000096_1_04_20180822-multires 59338 14690 0
001738-000096_1_04_20180822-multires 59626 13250 0
001738-000096_1_04_20180822-multires 61642 19875 0
001738-000096_1_04_20180822-multires 63082 12098 0
001738-000096_1_04_20180822-multires 59049 14978 0
001738-000096_1_04_20180822-multires 59338 14402 0
001738-000096_1_04_20180822-multires 60490 19875 0
001738-000096_1_04_20180822-multires 61605 20625 0
001738-000096_1_04_20180822-multires 60908 13938 0
001738-000096_1_04_20180822-multires 48392 57609 1
001738-000096_1_04_20180822-multires 47816 57897 1
001738-000096_1_04_20180822-multires 45511 58185 1
001738-000096_1_04_20180822-multires 45223 58185 1
001738-000096_1_04_20180822-multires 47528 58185 1
001738-000096_1_04_20180822-multires 48392 57033 1
001738-000096_1_04_20180822-multires 47239 57897 1
001738-000096_1_04_20180822-multires 47528 58761 1
001738-000096_1_04_20180822-multires 46087 58761 1
001738-000096_1_04_20180822-multires 47816 57609 1
001738-000096_1_04_20180822-multires 48968 57609 1
001738-000096_1_04_20180822-multires 45799 58185 1
001738-000096_1_04_20180822-multires 48104 58185 1
001738-000096_1_04_20180822-multires 46951 58761 1
001738-000096_1_04_20180822-multires 46951 59049 1
001738-000096_1_04_20180822-multires 44935 58761 1
001738-000096_1_04_20180822-multires 46951 57609 1
001738-000096_1_04_20180822-multires 47239 58473 1
001738-000096_1_04_20180822-multires 48680 57897 1
001738-000096_1_04_20180822-multires 45511 58761 1
001738-000096_1_04_20180822-multires 46518 58301 1
001738-000096_1_04_20180822-multires 53288 50696 2
001738-000096_1_04_20180822-multires 54153 50408 2
001738-000096_1_04_20180822-multires 53865 49832 2
001738-000096_1_04_20180822-multires 53865 55881 2
001738-000096_1_04_20180822-multires 53865 51560 2
001738-000096_1_04_20180822-multires 54441 54153 2
001738-000096_1_04_20180822-multires 53577 59626 2
001738-000096_1_04_20180822-multires 53577 50696 2
001738-000096_1_04_20180822-multires 54441 56745 2
001738-000096_1_04_20180822-multires 53577 50408 2
001738-000096_1_04_20180822-multires 54153 56457 2
001738-000096_1_04_20180822-multires 55017 50120 2
001738-000096_1_04_20180822-multires 53865 52712 2
001738-000096_1_04_20180822-multires 53865 56745 2
001738-000096_1_04_20180822-multires 54729 50408 2
001738-000096_1_04_20180822-multires 54729 49832 2
001738-000096_1_04_20180822-multires 54153 50696 2
001738-000096_1_04_20180822-multires 54153 50120 2
001738-000096_1_04_20180822-multires 53865 59049 2
001738-000096_1_04_20180822-multires 53288 52712 2
001738-000096_1_04_20180822-multires 53767 59337 2
001738-000096_1_04_20180822-multires 43468 58733 2
001738-000096_1_04_20180822-multires 54076 56842 2
001738-000096_1_04_20180822-multires 54354 54259 2
001738-000096_1_04_20180822-multires 55781 54069 2
001738-000096_1_04_20180822-multires 57265 53268 2
001738-000096_1_04_20180822-multires 53895 53015 2
001738-000096_1_04_20180822-multires 56129 52097 2
001738-000096_1_04_20180822-multires 54150 50661 2
