001738-000076_1_13_20180731-multires 55321 9476 0
001738-000076_1_13_20180731-multires 60187 9988 0
001738-000076_1_13_20180731-multires 54553 7939 0
001738-000076_1_13_20180731-multires 57882 7427 0
001738-000076_1_13_20180731-multires 53784 6659 0
001738-000076_1_13_20180731-multires 59163 8195 0
001738-000076_1_13_20180731-multires 57370 10244 0
001738-000076_1_13_20180731-multires 54553 7683 0
001738-000076_1_13_20180731-multires 55065 9220 0
001738-000076_1_13_20180731-multires 55833 7171 0
001738-000076_1_13_20180731-multires 54553 7171 0
001738-000076_1_13_20180731-multires 59419 8964 0
001738-000076_1_13_20180731-multires 52504 8964 0
001738-000076_1_13_20180731-multires 55833 9988 0
001738-000076_1_13_20180731-multires 53272 8708 0
001738-000076_1_13_20180731-multires 55065 7171 0
001738-000076_1_13_20180731-multires 55065 11525 0
001738-000076_1_13_20180731-multires 58138 8964 0
001738-000076_1_13_20180731-multires 55577 8964 0
001738-000076_1_13_20180731-multires 60187 8708 0
001738-000076_1_13_20180731-multires 58397 8886 0
001738-000076_1_13_20180731-multires 54141 9043 0
001738-000076_1_13_20180731-multires 53240 7267 0
001738-000076_1_13_20180731-multires 47637 36624 1
001738-000076_1_13_20180731-multires 52504 44052 1
001738-000076_1_13_20180731-multires 48406 44052 1
001738-000076_1_13_20180731-multires 49430 38929 1
001738-000076_1_13_20180731-multires 47125 38673 1
001738-000076_1_13_20180731-multires 36112 41234 1
001738-000076_1_13_20180731-multires 51991 37393 1
001738-000076_1_13_20180731-multires 35600 26636 1
001738-000076_1_13_20180731-multires 36624 27660 1
001738-000076_1_13_20180731-multires 48150 44308 1
001738-000076_1_13_20180731-multires 49430 38673 1
001738-000076_1_13_20180731-multires 50711 45076 1
001738-000076_1_13_20180731-multires 35856 26892 1
001738-000076_1_13_20180731-multires 51479 45332 1
001738-000076_1_13_20180731-multires 48406 38673 1
001738-000076_1_13_20180731-multires 51991 44308 1
001738-000076_1_13_20180731-multires 46869 36880 1
001738-000076_1_13_20180731-multires 34319 26124 1
001738-000076_1_13_20180731-multires 35088 26892 1
001738-000076_1_13_20180731-multires 48406 38929 1
001738-000076_1_13_20180731-multires 42685 45273 1
001738-000076_1_13_20180731-multires 41258 45028 1
001738-000076_1_13_20180731-multires 52123 44427 1
001738-000076_1_13_20180731-multires 51169 42524 1
001738-000076_1_13_20180731-multires 49223 42722 1
001738-000076_1_13_20180731-multires 36462 41637 1
001738-000076_1_13_20180731-multires 49606 37804 1
001738-000076_1_13_20180731-multires 47134 37493 1
001738-000076_1_13_20180731-multires 35720 26793 1
001738-000076_1_13_20180731-multires 25099 31758 2
001738-000076_1_13_20180731-multires 27404 31758 2
001738-000076_1_13_20180731-multires 24587 31246 2
001738-000076_1_13_20180731-multires 27660 31758 2
001738-000076_1_13_20180731-multires 31758 36880 2
001738-000076_1_13_20180731-multires 27404 32783 2
001738-000076_1_13_20180731-multires 26636 33295 2
001738-000076_1_13_20180731-multires 27916 31246 2
001738-000076_1_13_20180731-multires 24843 30734 2
001738-000076_1_13_20180731-multires 27148 32526 2
001738-000076_1_13_20180731-multires 27404 32014 2
001738-000076_1_13_20180731-multires 27148 30734 2
001738-000076_1_13_20180731-multires 26380 33295 2
001738-000076_1_13_20180731-multires 24075 31246 2
001738-000076_1_13_20180731-multires 24843 31758 2
001738-000076_1_13_20180731-multires 32014 37393 2
001738-000076_1_13_20180731-multires 25611 32526 2
001738-000076_1_13_20180731-multires 28429 31758 2
001738-000076_1_13_20180731-multires 27660 30734 2
001738-000076_1_13_20180731-multires 32014 35856 2
001738-000076_1_13_20180731-multires 32266 36518 2
001738-000076_1_13_20180731-multires 26215 31927 2
