001738-000105_1_13_20180822-multires 23329 44643 2
001738-000105_1_13_20180822-multires 23905 44643 2
001738-000105_1_13_20180822-multires 23041 44354 2
001738-000105_1_13_20180822-multires 23617 44066 2
001738-000105_1_13_20180822-multires 23617 44643 2
001738-000105_1_13_20180822-multires 23329 44354 2
001738-000105_1_13_20180822-multires 25345 43778 2
001738-000105_1_13_20180822-multires 23905 44066 2
001738-000105_1_13_20180822-multires 24193 43778 2
001738-000105_1_13_20180822-multires 25057 43778 2
001738-000105_1_13_20180822-multires 24481 43778 2
001738-000105_1_13_20180822-multires 24769 43778 2
001738-000105_1_13_20180822-multires 25345 44066 2
001738-000105_1_13_20180822-multires 24769 44066 2
001738-000105_1_13_20180822-multires 23329 44066 2
001738-000105_1_13_20180822-multires 23617 44354 2
001738-000105_1_13_20180822-multires 34562 23617 2
001738-000105_1_13_20180822-multires 23905 43778 2
001738-000105_1_13_20180822-multires 25057 44066 2
001738-000105_1_13_20180822-multires 24147 44061 2
001738-000105_1_13_20180822-multires 34586 23529 2
001738-000105_1_13_20180822-multires 35426 19297 4
001738-000105_1_13_20180822-multires 34274 19009 4
001738-000105_1_13_20180822-multires 10656 16129 4
001738-000105_1_13_20180822-multires 35138 19009 4
001738-000105_1_13_20180822-multires 11520 16417 4
001738-000105_1_13_20180822-multires 11232 16129 4
001738-000105_1_13_20180822-multires 12384 33986 4
001738-000105_1_13_20180822-multires 11808 16705 4
001738-000105_1_13_20180822-multires 33986 19297 4
001738-000105_1_13_20180822-multires 10944 15553 4
001738-000105_1_13_20180822-multires 11808 34562 4
001738-000105_1_13_20180822-multires 35426 19873 4
001738-000105_1_13_20180822-multires 10944 15265 4
001738-000105_1_13_20180822-multires 34850 19297 4
001738-000105_1_13_20180822-multires 11232 15553 4
001738-000105_1_13_20180822-multires 10368 16705 4
001738-000105_1_13_20180822-multires 34562 19873 4
001738-000105_1_13_20180822-multires 34274 19873 4
001738-000105_1_13_20180822-multires 10368 16129 4
001738-000105_1_13_20180822-multires 11520 34274 4
001738-000105_1_13_20180822-multires 11745 34008 4
001738-000105_1_13_20180822-multires 34771 19247 4
001738-000105_1_13_20180822-multires 11066 16504 4
