001738-000103_1_11_20180822-multires 33038 21769 2
001738-000103_1_11_20180822-multires 27147 36880 2
001738-000103_1_11_20180822-multires 33038 21513 2
001738-000103_1_11_20180822-multires 27660 37136 2
001738-000103_1_11_20180822-multires 27147 37136 2
001738-000103_1_11_20180822-multires 33294 21769 2
001738-000103_1_11_20180822-multires 33294 21513 2
001738-000103_1_11_20180822-multires 32782 21769 2
001738-000103_1_11_20180822-multires 26891 36624 2
001738-000103_1_11_20180822-multires 27404 37136 2
001738-000103_1_11_20180822-multires 27660 37392 2
001738-000103_1_11_20180822-multires 27404 36880 2
001738-000103_1_11_20180822-multires 27404 37392 2
001738-000103_1_11_20180822-multires 27306 36998 2
001738-000103_1_11_20180822-multires 33063 21656 2
