001738-000100_1_08_20180822-multires 55063 23818 0
001738-000100_1_08_20180822-multires 62747 40465 0
001738-000100_1_08_20180822-multires 68381 4353 0
001738-000100_1_08_20180822-multires 67613 3585 0
001738-000100_1_08_20180822-multires 11012 48917 0
001738-000100_1_08_20180822-multires 68637 4353 0
001738-000100_1_08_20180822-multires 65820 4609 0
001738-000100_1_08_20180822-multires 10756 49173 0
001738-000100_1_08_20180822-multires 69149 4097 0
001738-000100_1_08_20180822-multires 68125 4353 0
001738-000100_1_08_20180822-multires 8963 47892 0
001738-000100_1_08_20180822-multires 65564 4609 0
001738-000100_1_08_20180822-multires 8963 48661 0
001738-000100_1_08_20180822-multires 10500 48404 0
001738-000100_1_08_20180822-multires 8707 48404 0
001738-000100_1_08_20180822-multires 56088 23818 0
001738-000100_1_08_20180822-multires 66332 5378 0
001738-000100_1_08_20180822-multires 68893 3841 0
001738-000100_1_08_20180822-multires 9732 46612 0
001738-000100_1_08_20180822-multires 9219 46612 0
001738-000100_1_08_20180822-multires 9831 47893 0
001738-000100_1_08_20180822-multires 63698 39525 0
001738-000100_1_08_20180822-multires 54630 23807 0
001738-000100_1_08_20180822-multires 67241 4519 0
001738-000100_1_08_20180822-multires 76577 21001 1
001738-000100_1_08_20180822-multires 72991 27659 1
001738-000100_1_08_20180822-multires 72479 21257 1
001738-000100_1_08_20180822-multires 76321 21257 1
001738-000100_1_08_20180822-multires 79138 25098 1
001738-000100_1_08_20180822-multires 72735 26635 1
001738-000100_1_08_20180822-multires 71454 22537 1
001738-000100_1_08_20180822-multires 73503 24586 1
001738-000100_1_08_20180822-multires 72223 27659 1
001738-000100_1_08_20180822-multires 79394 25354 1
001738-000100_1_08_20180822-multires 80418 25354 1
001738-000100_1_08_20180822-multires 72223 19976 1
001738-000100_1_08_20180822-multires 75040 21513 1
001738-000100_1_08_20180822-multires 72223 21769 1
001738-000100_1_08_20180822-multires 73503 26635 1
001738-000100_1_08_20180822-multires 73503 27916 1
001738-000100_1_08_20180822-multires 80162 23306 1
001738-000100_1_08_20180822-multires 73503 24330 1
001738-000100_1_08_20180822-multires 74272 26891 1
001738-000100_1_08_20180822-multires 71711 20488 1
001738-000100_1_08_20180822-multires 74326 26708 1
001738-000100_1_08_20180822-multires 72622 26064 1
001738-000100_1_08_20180822-multires 78252 25872 1
001738-000100_1_08_20180822-multires 75939 21672 1
001738-000100_1_08_20180822-multires 71004 22004 1
