001738-000069_1_06_20180731-multires 12548 29195 0
001738-000069_1_06_20180731-multires 7939 28170 0
001738-000069_1_06_20180731-multires 12548 29707 0
001738-000069_1_06_20180731-multires 12548 29963 0
001738-000069_1_06_20180731-multires 8451 29451 0
001738-000069_1_06_20180731-multires 8707 31243 0
001738-000069_1_06_20180731-multires 9987 28683 0
001738-000069_1_06_20180731-multires 11268 29451 0
001738-000069_1_06_20180731-multires 10756 29963 0
001738-000069_1_06_20180731-multires 11012 29195 0
001738-000069_1_06_20180731-multires 8963 30731 0
001738-000069_1_06_20180731-multires 8707 28939 0
001738-000069_1_06_20180731-multires 4353 31243 0
001738-000069_1_06_20180731-multires 12548 30475 0
001738-000069_1_06_20180731-multires 6402 31756 0
001738-000069_1_06_20180731-multires 7682 29195 0
001738-000069_1_06_20180731-multires 9731 31243 0
001738-000069_1_06_20180731-multires 10756 28939 0
001738-000069_1_06_20180731-multires 8707 29195 0
001738-000069_1_06_20180731-multires 5634 29195 0
001738-000069_1_06_20180731-multires 8150 29847 0
001738-000069_1_06_20180731-multires 56853 33548 1
001738-000069_1_06_20180731-multires 61207 28426 1
001738-000069_1_06_20180731-multires 51219 23817 1
001738-000069_1_06_20180731-multires 58902 35085 1
001738-000069_1_06_20180731-multires 56853 29451 1
001738-000069_1_06_20180731-multires 55829 34573 1
001738-000069_1_06_20180731-multires 50963 21512 1
001738-000069_1_06_20180731-multires 54036 33292 1
001738-000069_1_06_20180731-multires 50707 25609 1
001738-000069_1_06_20180731-multires 50963 23561 1
001738-000069_1_06_20180731-multires 61975 28683 1
001738-000069_1_06_20180731-multires 62231 28170 1
001738-000069_1_06_20180731-multires 56085 30219 1
001738-000069_1_06_20180731-multires 39951 22280 1
001738-000069_1_06_20180731-multires 50195 21000 1
001738-000069_1_06_20180731-multires 59926 28939 1
001738-000069_1_06_20180731-multires 61975 27658 1
001738-000069_1_06_20180731-multires 57366 28939 1
001738-000069_1_06_20180731-multires 39183 22024 1
001738-000069_1_06_20180731-multires 54292 33548 1
001738-000069_1_06_20180731-multires 55832 32833 1
001738-000069_1_06_20180731-multires 59981 28633 1
001738-000069_1_06_20180731-multires 41285 23186 1
001738-000069_1_06_20180731-multires 49834 23301 1
