001738-000114_1_22_20180822-multires 57878 11268 0
001738-000114_1_22_20180822-multires 57878 14341 0
001738-000114_1_22_20180822-multires 57622 12548 0
001738-000114_1_22_20180822-multires 57366 12804 0
001738-000114_1_22_20180822-multires 56341 13573 0
001738-000114_1_22_20180822-multires 56085 13573 0
001738-000114_1_22_20180822-multires 56341 14853 0
001738-000114_1_22_20180822-multires 58134 13573 0
001738-000114_1_22_20180822-multires 57366 14597 0
001738-000114_1_22_20180822-multires 57109 15109 0
001738-000114_1_22_20180822-multires 58390 12292 0
001738-000114_1_22_20180822-multires 57109 14853 0
001738-000114_1_22_20180822-multires 57109 10500 0
001738-000114_1_22_20180822-multires 57366 12036 0
001738-000114_1_22_20180822-multires 57366 11268 0
001738-000114_1_22_20180822-multires 57878 11780 0
001738-000114_1_22_20180822-multires 56853 11012 0
001738-000114_1_22_20180822-multires 57366 12548 0
001738-000114_1_22_20180822-multires 57878 14853 0
001738-000114_1_22_20180822-multires 57366 13573 0
001738-000114_1_22_20180822-multires 56962 14296 0
001738-000114_1_22_20180822-multires 57238 11664 0
001738-000114_1_22_20180822-multires 21256 15109 1
001738-000114_1_22_20180822-multires 15878 12804 1
001738-000114_1_22_20180822-multires 20743 14341 1
001738-000114_1_22_20180822-multires 20487 14085 1
001738-000114_1_22_20180822-multires 16390 12804 1
001738-000114_1_22_20180822-multires 20743 14597 1
001738-000114_1_22_20180822-multires 18951 17158 1
001738-000114_1_22_20180822-multires 20743 15365 1
001738-000114_1_22_20180822-multires 19463 16902 1
001738-000114_1_22_20180822-multires 21512 15622 1
001738-000114_1_22_20180822-multires 21768 15365 1
001738-000114_1_22_20180822-multires 16134 13061 1
001738-000114_1_22_20180822-multires 18439 14853 1
001738-000114_1_22_20180822-multires 19975 16902 1
001738-000114_1_22_20180822-multires 22024 15109 1
001738-000114_1_22_20180822-multires 18951 14597 1
001738-000114_1_22_20180822-multires 22280 15622 1
001738-000114_1_22_20180822-multires 18439 17414 1
001738-000114_1_22_20180822-multires 19975 17158 1
001738-000114_1_22_20180822-multires 21256 14085 1
001738-000114_1_22_20180822-multires 18446 14516 1
001738-000114_1_22_20180822-multires 20118 15678 1
001738-000114_1_22_20180822-multires 15748 12284 1
