001738-000268-multires 43499 33416 3
001738-000268-multires 44371 37690 3
001738-000268-multires 44145 37380 3
001738-000268-multires 44525 37201 3
001738-000268-multires 47342 37184 3
001738-000268-multires 43312 35086 3
001738-000268-multires 43517 35053 3
001738-000268-multires 44497 34147 3
001738-000268-multires 43216 33597 3
001738-000268-multires 43010 33575 3
001738-000268-multires 43466 33438 3
001738-000268-multires 43147 33272 3
001738-000268-multires 43359 33074 3
001738-000268-multires 43097 32533 3
001738-000268-multires 46956 29671 4
001738-000268-multires 41771 35433 4
001738-000268-multires 49837 34281 4
001738-000268-multires 41771 35145 4
001738-000268-multires 42923 34857 4
001738-000268-multires 46956 33128 4
001738-000268-multires 43787 31976 4
001738-000268-multires 47244 35721 4
001738-000268-multires 17860 5185 4
001738-000268-multires 18724 4897 4
001738-000268-multires 48973 30824 4
001738-000268-multires 42923 34281 4
001738-000268-multires 19013 5473 4
001738-000268-multires 21605 6049 4
001738-000268-multires 47244 32840 4
001738-000268-multires 44075 35721 4
001738-000268-multires 44075 31976 4
001738-000268-multires 47820 36873 4
001738-000268-multires 47244 36297 4
001738-000268-multires 43499 36873 4
001738-000268-multires 42859 36055 4
001738-000268-multires 41562 35000 4
001738-000268-multires 64503 34695 4
001738-000268-multires 45238 33957 4
001738-000268-multires 43238 33454 4
001738-000268-multires 48791 33528 4
001738-000268-multires 44940 34745 4
001738-000268-multires 44779 35609 4
001738-000268-multires 44036 35340 4
001738-000268-multires 43491 35090 4
001738-000268-multires 43280 34124 4
001738-000268-multires 42546 33700 4
001738-000268-multires 39207 31793 4
001738-000268-multires 48802 30637 4
001738-000268-multires 46723 30171 4
001738-000268-multires 40739 28681 4
001738-000268-multires 21387 6198 4
001738-000268-multires 18666 5096 4
