001738-000086_1_08_20180814-multires 7685 25360 0
001738-000086_1_08_20180814-multires 7428 26129 0
001738-000086_1_08_20180814-multires 6916 22286 0
001738-000086_1_08_20180814-multires 7172 22286 0
001738-000086_1_08_20180814-multires 6660 26385 0
001738-000086_1_08_20180814-multires 6916 24079 0
001738-000086_1_08_20180814-multires 9222 21518 0
001738-000086_1_08_20180814-multires 7172 22030 0
001738-000086_1_08_20180814-multires 6916 26129 0
001738-000086_1_08_20180814-multires 7428 22799 0
001738-000086_1_08_20180814-multires 7172 24848 0
001738-000086_1_08_20180814-multires 9734 21518 0
001738-000086_1_08_20180814-multires 7685 23823 0
001738-000086_1_08_20180814-multires 7685 22286 0
001738-000086_1_08_20180814-multires 7941 25360 0
001738-000086_1_08_20180814-multires 7685 26641 0
001738-000086_1_08_20180814-multires 7172 23567 0
001738-000086_1_08_20180814-multires 6148 23055 0
001738-000086_1_08_20180814-multires 6660 22799 0
001738-000086_1_08_20180814-multires 7685 24079 0
001738-000086_1_08_20180814-multires 6973 24392 0
001738-000086_1_08_20180814-multires 9293 21644 0
001738-000086_1_08_20180814-multires 26129 25616 1
001738-000086_1_08_20180814-multires 26641 18188 1
001738-000086_1_08_20180814-multires 27410 25104 1
001738-000086_1_08_20180814-multires 28178 25616 1
001738-000086_1_08_20180814-multires 28434 18444 1
001738-000086_1_08_20180814-multires 40474 14857 1
001738-000086_1_08_20180814-multires 26897 21774 1
001738-000086_1_08_20180814-multires 28947 17931 1
001738-000086_1_08_20180814-multires 31508 27666 1
001738-000086_1_08_20180814-multires 26129 21005 1
001738-000086_1_08_20180814-multires 27410 17675 1
001738-000086_1_08_20180814-multires 26129 18700 1
001738-000086_1_08_20180814-multires 47391 17163 1
001738-000086_1_08_20180814-multires 28947 17675 1
001738-000086_1_08_20180814-multires 41755 18444 1
001738-000086_1_08_20180814-multires 21774 19725 1
001738-000086_1_08_20180814-multires 25873 21518 1
001738-000086_1_08_20180814-multires 27154 22799 1
001738-000086_1_08_20180814-multires 41243 17163 1
001738-000086_1_08_20180814-multires 30484 26641 1
001738-000086_1_08_20180814-multires 30030 24407 1
001738-000086_1_08_20180814-multires 25888 23072 1
001738-000086_1_08_20180814-multires 26894 18493 1
001738-000086_1_08_20180814-multires 47081 17202 1
001738-000086_1_08_20180814-multires 22562 17979 1
001738-000086_1_08_20180814-multires 45143 16136 1
001738-000086_1_08_20180814-multires 41431 17637 1
