001738-000057_1_03_20180724-multires 21257 37136 1
001738-000057_1_03_20180724-multires 21001 37648 1
001738-000057_1_03_20180724-multires 23050 33806 1
001738-000057_1_03_20180724-multires 22025 34062 1
001738-000057_1_03_20180724-multires 21257 34831 1
001738-000057_1_03_20180724-multires 19720 36367 1
001738-000057_1_03_20180724-multires 20232 33550 1
001738-000057_1_03_20180724-multires 18440 35855 1
001738-000057_1_03_20180724-multires 21257 37648 1
001738-000057_1_03_20180724-multires 18952 36880 1
001738-000057_1_03_20180724-multires 22281 36624 1
001738-000057_1_03_20180724-multires 23050 33550 1
001738-000057_1_03_20180724-multires 18440 36111 1
001738-000057_1_03_20180724-multires 21001 33806 1
001738-000057_1_03_20180724-multires 20745 34575 1
001738-000057_1_03_20180724-multires 23306 34062 1
001738-000057_1_03_20180724-multires 20488 33550 1
001738-000057_1_03_20180724-multires 20488 34575 1
001738-000057_1_03_20180724-multires 23306 37648 1
001738-000057_1_03_20180724-multires 23818 34575 1
001738-000057_1_03_20180724-multires 21137 35912 1
