001738-000127-multires 33998 5186 0
001738-000127-multires 37744 5186 0
001738-000127-multires 36015 3745 0
001738-000127-multires 35727 6338 0
001738-000127-multires 35439 5762 0
001738-000127-multires 37456 4321 0
001738-000127-multires 36015 6338 0
001738-000127-multires 50709 22473 0
001738-000127-multires 49557 22473 0
001738-000127-multires 35151 6338 0
001738-000127-multires 36015 4033 0
001738-000127-multires 34286 5186 0
001738-000127-multires 50709 23049 0
001738-000127-multires 40625 4033 0
001738-000127-multires 50133 21897 0
001738-000127-multires 35439 4033 0
001738-000127-multires 34863 4898 0
001738-000127-multires 49557 22761 0
001738-000127-multires 34863 4609 0
001738-000127-multires 37744 4609 0
001738-000127-multires 50033 22198 0
001738-000127-multires 39858 4667 0
001738-000127-multires 35979 4949 0
001738-000127-multires 21897 39473 1
001738-000127-multires 21897 37744 1
001738-000127-multires 16711 35727 1
001738-000127-multires 19304 37456 1
001738-000127-multires 24490 36303 1
001738-000127-multires 24490 35439 1
001738-000127-multires 24490 35727 1
001738-000127-multires 23049 39473 1
001738-000127-multires 19592 37744 1
001738-000127-multires 21897 36591 1
001738-000127-multires 22761 39761 1
001738-000127-multires 20456 37744 1
001738-000127-multires 22185 36303 1
001738-000127-multires 19880 36879 1
001738-000127-multires 19304 34286 1
001738-000127-multires 21897 38896 1
001738-000127-multires 20456 37168 1
001738-000127-multires 18728 34286 1
001738-000127-multires 19592 37168 1
001738-000127-multires 18728 33710 1
001738-000127-multires 17046 36208 1
001738-000127-multires 22042 37417 1
001738-000127-multires 17988 34486 1
