001738-000179-multires 29953 12960 3
001738-000179-multires 30241 13248 3
001738-000179-multires 30241 14112 3
001738-000179-multires 30529 12960 3
001738-000179-multires 29665 12960 3
001738-000179-multires 30241 13824 3
001738-000179-multires 28513 13824 3
001738-000179-multires 38017 14112 3
001738-000179-multires 30817 13536 3
001738-000179-multires 34273 8928 3
001738-000179-multires 38017 12672 3
001738-000179-multires 32545 19296 3
001738-000179-multires 28801 12384 3
001738-000179-multires 58466 22752 3
001738-000179-multires 49538 11520 3
001738-000179-multires 29377 13536 3
001738-000179-multires 58178 22176 3
001738-000179-multires 30817 13824 3
001738-000179-multires 27361 12384 3
001738-000179-multires 29665 13536 3
001738-000179-multires 47964 28923 3
001738-000179-multires 47669 28820 3
001738-000179-multires 44967 28827 3
001738-000179-multires 48039 28777 3
001738-000179-multires 48322 28721 3
001738-000179-multires 44996 28257 3
001738-000179-multires 45040 27912 3
001738-000179-multires 44156 27481 3
001738-000179-multires 43708 27148 3
001738-000179-multires 43809 27041 3
001738-000179-multires 44065 26881 3
001738-000179-multires 43967 26464 3
001738-000179-multires 44924 26310 3
001738-000179-multires 43232 24344 3
001738-000179-multires 55850 23755 3
001738-000179-multires 40071 23014 3
001738-000179-multires 41674 22704 3
001738-000179-multires 35649 22867 3
001738-000179-multires 35906 22599 3
001738-000179-multires 35795 22268 3
001738-000179-multires 58594 22064 3
001738-000179-multires 57920 22644 3
001738-000179-multires 37103 21469 3
001738-000179-multires 36286 21708 3
001738-000179-multires 36045 21098 3
001738-000179-multires 35216 20938 3
001738-000179-multires 35073 20688 3
001738-000179-multires 40417 20656 3
001738-000179-multires 60962 21084 3
001738-000179-multires 36735 20649 3
001738-000179-multires 39938 20524 3
001738-000179-multires 34989 20467 3
001738-000179-multires 38022 20722 3
001738-000179-multires 38655 20432 3
001738-000179-multires 41024 20423 3
001738-000179-multires 41825 20064 3
001738-000179-multires 38181 19956 3
001738-000179-multires 37406 20022 3
001738-000179-multires 38012 19590 3
001738-000179-multires 38859 19235 3
001738-000179-multires 44430 19145 3
001738-000179-multires 39407 19264 3
001738-000179-multires 42395 18989 3
001738-000179-multires 44337 18889 3
001738-000179-multires 44060 18870 3
001738-000179-multires 42471 18747 3
001738-000179-multires 43357 18747 3
001738-000179-multires 39053 18883 3
001738-000179-multires 60271 19005 3
001738-000179-multires 42946 18112 3
001738-000179-multires 43889 17792 3
001738-000179-multires 42957 17833 3
001738-000179-multires 41867 17348 3
001738-000179-multires 31850 18170 3
001738-000179-multires 33747 16755 3
001738-000179-multires 32114 16675 3
001738-000179-multires 40340 16526 3
001738-000179-multires 30159 16560 3
001738-000179-multires 29873 16464 3
001738-000179-multires 34839 16026 3
001738-000179-multires 40075 15434 3
001738-000179-multires 36517 15311 3
001738-000179-multires 28582 14860 3
001738-000179-multires 27759 14650 3
001738-000179-multires 36070 14239 3
001738-000179-multires 38156 14125 3
001738-000179-multires 35675 15294 3
001738-000179-multires 37819 13927 3
001738-000179-multires 37362 13860 3
001738-000179-multires 38009 13589 3
001738-000179-multires 35254 13369 3
001738-000179-multires 35519 13244 3
001738-000179-multires 36412 13526 3
001738-000179-multires 35743 13207 3
001738-000179-multires 41503 13097 3
001738-000179-multires 37750 13059 3
001738-000179-multires 35234 12920 3
001738-000179-multires 37437 12835 3
001738-000179-multires 41904 13037 3
001738-000179-multires 49374 12745 3
001738-000179-multires 44707 12907 3
001738-000179-multires 38669 12912 3
001738-000179-multires 48290 12504 3
001738-000179-multires 35688 12201 3
001738-000179-multires 35457 12128 3
001738-000179-multires 39008 12263 3
001738-000179-multires 47950 11986 3
001738-000179-multires 35263 12021 3
001738-000179-multires 29152 13221 3
001738-000179-multires 49694 11850 3
001738-000179-multires 38976 11819 3
001738-000179-multires 28755 11531 3
001738-000179-multires 47932 11385 3
001738-000179-multires 48847 11686 3
001738-000179-multires 49160 11899 3
001738-000179-multires 48530 11760 3
001738-000179-multires 48594 11248 3
001738-000179-multires 49530 11109 3
001738-000179-multires 49086 11070 3
001738-000179-multires 46193 10533 3
001738-000179-multires 41252 10050 3
001738-000179-multires 41432 9861 3
001738-000179-multires 47240 10163 3
001738-000179-multires 32840 10040 3
001738-000179-multires 34560 8747 3
001738-000179-multires 41067 7867 3
001738-000179-multires 38556 7738 3
001738-000179-multires 39073 7536 3
001738-000179-multires 40967 7226 3
001738-000179-multires 41352 7364 3
001738-000179-multires 49100 6816 3
001738-000179-multires 50143 6047 3
001738-000179-multires 59906 17856 4
001738-000179-multires 31969 10368 4
001738-000179-multires 46946 10944 4
001738-000179-multires 57314 21888 4
001738-000179-multires 33985 8640 4
001738-000179-multires 33121 10944 4
001738-000179-multires 30817 16704 4
001738-000179-multires 58466 21888 4
001738-000179-multires 57026 22176 4
001738-000179-multires 28801 14400 4
001738-000179-multires 57602 23328 4
001738-000179-multires 32257 9504 4
001738-000179-multires 35425 13824 4
001738-000179-multires 33409 10656 4
001738-000179-multires 57026 21888 4
001738-000179-multires 31393 12096 4
001738-000179-multires 31105 12384 4
001738-000179-multires 28801 14688 4
001738-000179-multires 35713 11520 4
001738-000179-multires 32833 19584 4
001738-000179-multires 55677 23507 4
001738-000179-multires 36481 22244 4
001738-000179-multires 35846 22043 4
001738-000179-multires 57260 22319 4
001738-000179-multires 58510 21977 4
001738-000179-multires 36914 21506 4
001738-000179-multires 35489 21343 4
001738-000179-multires 60674 21208 4
001738-000179-multires 61377 21173 4
001738-000179-multires 60913 20422 4
001738-000179-multires 60666 19379 4
001738-000179-multires 60062 18130 4
001738-000179-multires 32598 18632 4
001738-000179-multires 30870 17073 4
001738-000179-multires 36369 16630 4
001738-000179-multires 36161 16520 4
001738-000179-multires 33763 16811 4
001738-000179-multires 33737 16758 4
001738-000179-multires 36717 16427 4
001738-000179-multires 36417 15574 4
001738-000179-multires 28188 14799 4
001738-000179-multires 34874 14965 4
001738-000179-multires 28795 14409 4
001738-000179-multires 34945 14089 4
001738-000179-multires 36036 14093 4
001738-000179-multires 36642 13977 4
001738-000179-multires 35461 13767 4
001738-000179-multires 36418 13077 4
001738-000179-multires 45168 12947 4
001738-000179-multires 44353 12848 4
001738-000179-multires 44698 12588 4
001738-000179-multires 44518 12304 4
001738-000179-multires 30802 12853 4
001738-000179-multires 27311 12676 4
001738-000179-multires 35615 11614 4
001738-000179-multires 33268 10785 4
001738-000179-multires 46864 10764 4
001738-000179-multires 45922 10152 4
001738-000179-multires 33761 9808 4
001738-000179-multires 47668 9595 4
001738-000179-multires 32239 10051 4
001738-000179-multires 34503 8526 4
001738-000179-multires 41378 7822 4
001738-000179-multires 41103 7270 4
001738-000179-multires 48854 6836 4
001738-000179-multires 49290 6753 4
001738-000179-multires 50092 6201 4
