001738-000062_1_08_20180724-multires 53021 32017 0
001738-000062_1_08_20180724-multires 52765 32786 0
001738-000062_1_08_20180724-multires 53789 33042 0
001738-000062_1_08_20180724-multires 54814 32786 0
001738-000062_1_08_20180724-multires 54814 32017 0
001738-000062_1_08_20180724-multires 54558 32786 0
001738-000062_1_08_20180724-multires 54814 33042 0
001738-000062_1_08_20180724-multires 54046 32530 0
001738-000062_1_08_20180724-multires 53533 33042 0
001738-000062_1_08_20180724-multires 53789 32530 0
001738-000062_1_08_20180724-multires 52765 33042 0
001738-000062_1_08_20180724-multires 53533 31761 0
001738-000062_1_08_20180724-multires 52765 32017 0
001738-000062_1_08_20180724-multires 53021 32273 0
001738-000062_1_08_20180724-multires 55070 32530 0
001738-000062_1_08_20180724-multires 53533 32273 0
001738-000062_1_08_20180724-multires 53277 31761 0
001738-000062_1_08_20180724-multires 52509 32017 0
001738-000062_1_08_20180724-multires 54302 32017 0
001738-000062_1_08_20180724-multires 52509 32273 0
001738-000062_1_08_20180724-multires 53871 32427 0
001738-000062_1_08_20180724-multires 82477 23821 1
001738-000062_1_08_20180724-multires 81197 23821 1
001738-000062_1_08_20180724-multires 18954 5122 1
001738-000062_1_08_20180724-multires 13831 6403 1
001738-000062_1_08_20180724-multires 84783 25614 1
001738-000062_1_08_20180724-multires 82990 25101 1
001738-000062_1_08_20180724-multires 19722 5635 1
001738-000062_1_08_20180724-multires 74793 37652 1
001738-000062_1_08_20180724-multires 80941 24845 1
001738-000062_1_08_20180724-multires 80428 24845 1
001738-000062_1_08_20180724-multires 18954 5378 1
001738-000062_1_08_20180724-multires 77867 22796 1
001738-000062_1_08_20180724-multires 79916 23821 1
001738-000062_1_08_20180724-multires 19466 6147 1
001738-000062_1_08_20180724-multires 85807 26638 1
001738-000062_1_08_20180724-multires 12550 7428 1
001738-000062_1_08_20180724-multires 85551 27151 1
001738-000062_1_08_20180724-multires 14600 7684 1
001738-000062_1_08_20180724-multires 83502 24589 1
001738-000062_1_08_20180724-multires 19979 5122 1
001738-000062_1_08_20180724-multires 76115 37439 1
001738-000062_1_08_20180724-multires 82665 24705 1
001738-000062_1_08_20180724-multires 77741 22198 1
001738-000062_1_08_20180724-multires 4737 11970 1
001738-000062_1_08_20180724-multires 16204 6637 1
001738-000062_1_08_20180724-multires 15624 12550 2
001738-000062_1_08_20180724-multires 15368 13063 2
001738-000062_1_08_20180724-multires 15880 12294 2
001738-000062_1_08_20180724-multires 15624 12294 2
001738-000062_1_08_20180724-multires 15624 10757 2
001738-000062_1_08_20180724-multires 15880 11014 2
001738-000062_1_08_20180724-multires 15880 12038 2
001738-000062_1_08_20180724-multires 15624 13063 2
001738-000062_1_08_20180724-multires 15624 12807 2
001738-000062_1_08_20180724-multires 15624 12038 2
001738-000062_1_08_20180724-multires 15368 12807 2
001738-000062_1_08_20180724-multires 15880 11270 2
001738-000062_1_08_20180724-multires 15624 11014 2
001738-000062_1_08_20180724-multires 15578 12574 2
001738-000062_1_08_20180724-multires 15753 11020 2
