001738-000108_1_16_20180822-multires 61461 8706 1
001738-000108_1_16_20180822-multires 61461 10243 1
001738-000108_1_16_20180822-multires 61717 7938 1
001738-000108_1_16_20180822-multires 61461 9731 1
001738-000108_1_16_20180822-multires 25864 9731 1
001738-000108_1_16_20180822-multires 68119 15621 1
001738-000108_1_16_20180822-multires 69655 17413 1
001738-000108_1_16_20180822-multires 51217 12804 1
001738-000108_1_16_20180822-multires 68375 15621 1
001738-000108_1_16_20180822-multires 23560 11011 1
001738-000108_1_16_20180822-multires 69655 16645 1
001738-000108_1_16_20180822-multires 69655 17157 1
001738-000108_1_16_20180822-multires 52498 9987 1
001738-000108_1_16_20180822-multires 69655 15877 1
001738-000108_1_16_20180822-multires 61461 9219 1
001738-000108_1_16_20180822-multires 67607 15365 1
001738-000108_1_16_20180822-multires 60436 8194 1
001738-000108_1_16_20180822-multires 67863 15621 1
001738-000108_1_16_20180822-multires 25864 10499 1
001738-000108_1_16_20180822-multires 60436 8450 1
001738-000108_1_16_20180822-multires 68752 15490 1
001738-000108_1_16_20180822-multires 23404 11010 1
001738-000108_1_16_20180822-multires 26115 10131 1
001738-000108_1_16_20180822-multires 51619 11384 1
001738-000108_1_16_20180822-multires 60762 8694 1
001738-000108_1_16_20180822-multires 11267 35852 2
001738-000108_1_16_20180822-multires 56339 10499 2
001738-000108_1_16_20180822-multires 11780 36108 2
001738-000108_1_16_20180822-multires 53522 12804 2
001738-000108_1_16_20180822-multires 11780 34315 2
001738-000108_1_16_20180822-multires 13828 34571 2
001738-000108_1_16_20180822-multires 17413 43534 2
001738-000108_1_16_20180822-multires 15109 41998 2
001738-000108_1_16_20180822-multires 13316 35084 2
001738-000108_1_16_20180822-multires 14597 41230 2
001738-000108_1_16_20180822-multires 13572 36620 2
001738-000108_1_16_20180822-multires 11780 38157 2
001738-000108_1_16_20180822-multires 10755 29962 2
001738-000108_1_16_20180822-multires 11267 30730 2
001738-000108_1_16_20180822-multires 12292 30474 2
001738-000108_1_16_20180822-multires 12804 35596 2
001738-000108_1_16_20180822-multires 13828 33803 2
001738-000108_1_16_20180822-multires 12548 32523 2
001738-000108_1_16_20180822-multires 12036 35596 2
001738-000108_1_16_20180822-multires 13060 28169 2
001738-000108_1_16_20180822-multires 52873 46344 2
001738-000108_1_16_20180822-multires 47453 43713 2
001738-000108_1_16_20180822-multires 15285 42019 2
001738-000108_1_16_20180822-multires 18086 43630 2
001738-000108_1_16_20180822-multires 12975 35137 2
001738-000108_1_16_20180822-multires 58717 31203 2
001738-000108_1_16_20180822-multires 10733 27190 2
001738-000108_1_16_20180822-multires 12361 29237 2
001738-000108_1_16_20180822-multires 34990 20860 2
001738-000108_1_16_20180822-multires 58355 15354 2
001738-000108_1_16_20180822-multires 53574 12501 2
001738-000108_1_16_20180822-multires 56636 10856 2
