001738-000316_1_16_20180925-multires 40322 25057 3
001738-000316_1_16_20180925-multires 40322 23617 3
001738-000316_1_16_20180925-multires 39746 23329 3
001738-000316_1_16_20180925-multires 41187 24481 3
001738-000316_1_16_20180925-multires 38882 11232 3
001738-000316_1_16_20180925-multires 40899 24193 3
001738-000316_1_16_20180925-multires 48099 35714 3
001738-000316_1_16_20180925-multires 38594 11808 3
001738-000316_1_16_20180925-multires 40322 24193 3
001738-000316_1_16_20180925-multires 39458 23617 3
001738-000316_1_16_20180925-multires 40611 24481 3
001738-000316_1_16_20180925-multires 38594 11520 3
001738-000316_1_16_20180925-multires 39458 23329 3
001738-000316_1_16_20180925-multires 39746 23617 3
001738-000316_1_16_20180925-multires 38882 28226 3
001738-000316_1_16_20180925-multires 40034 24193 3
001738-000316_1_16_20180925-multires 40899 24481 3
001738-000316_1_16_20180925-multires 39170 27650 3
001738-000316_1_16_20180925-multires 39170 23329 3
001738-000316_1_16_20180925-multires 40322 25345 3
001738-000316_1_16_20180925-multires 49249 36264 3
001738-000316_1_16_20180925-multires 48081 35737 3
001738-000316_1_16_20180925-multires 44432 35508 3
001738-000316_1_16_20180925-multires 47898 34860 3
001738-000316_1_16_20180925-multires 48839 28337 3
001738-000316_1_16_20180925-multires 49196 28101 3
001738-000316_1_16_20180925-multires 39097 27539 3
001738-000316_1_16_20180925-multires 40321 26773 3
001738-000316_1_16_20180925-multires 46142 26119 3
001738-000316_1_16_20180925-multires 41632 26112 3
001738-000316_1_16_20180925-multires 33296 25755 3
001738-000316_1_16_20180925-multires 32826 25806 3
001738-000316_1_16_20180925-multires 46024 25596 3
001738-000316_1_16_20180925-multires 42222 25596 3
001738-000316_1_16_20180925-multires 42028 25471 3
001738-000316_1_16_20180925-multires 33215 25160 3
001738-000316_1_16_20180925-multires 42453 25087 3
001738-000316_1_16_20180925-multires 40177 24151 3
001738-000316_1_16_20180925-multires 32712 20887 3
001738-000316_1_16_20180925-multires 33881 20735 3
001738-000316_1_16_20180925-multires 32840 20561 3
001738-000316_1_16_20180925-multires 33847 19949 3
001738-000316_1_16_20180925-multires 33506 20017 3
001738-000316_1_16_20180925-multires 33368 19129 3
001738-000316_1_16_20180925-multires 33193 18973 3
001738-000316_1_16_20180925-multires 32773 18888 3
001738-000316_1_16_20180925-multires 32711 18641 3
001738-000316_1_16_20180925-multires 32475 18603 3
001738-000316_1_16_20180925-multires 32960 18536 3
001738-000316_1_16_20180925-multires 32094 18356 3
001738-000316_1_16_20180925-multires 38451 11915 3
001738-000316_1_16_20180925-multires 42339 30530 4
001738-000316_1_16_20180925-multires 36290 23041 4
001738-000316_1_16_20180925-multires 37154 11520 4
001738-000316_1_16_20180925-multires 47235 20737 4
001738-000316_1_16_20180925-multires 43491 34850 4
001738-000316_1_16_20180925-multires 39458 14401 4
001738-000316_1_16_20180925-multires 34850 7200 4
001738-000316_1_16_20180925-multires 34850 26497 4
001738-000316_1_16_20180925-multires 45795 16993 4
001738-000316_1_16_20180925-multires 47235 18433 4
001738-000316_1_16_20180925-multires 40899 14689 4
001738-000316_1_16_20180925-multires 33410 23905 4
001738-000316_1_16_20180925-multires 32258 25057 4
001738-000316_1_16_20180925-multires 43779 13248 4
001738-000316_1_16_20180925-multires 38882 13248 4
001738-000316_1_16_20180925-multires 40322 13825 4
001738-000316_1_16_20180925-multires 33986 15841 4
001738-000316_1_16_20180925-multires 50403 27650 4
001738-000316_1_16_20180925-multires 41763 14113 4
001738-000316_1_16_20180925-multires 32546 21601 4
001738-000316_1_16_20180925-multires 47250 36718 4
001738-000316_1_16_20180925-multires 39699 35852 4
001738-000316_1_16_20180925-multires 42116 36455 4
001738-000316_1_16_20180925-multires 44430 34315 4
001738-000316_1_16_20180925-multires 43041 35154 4
001738-000316_1_16_20180925-multires 47688 34570 4
001738-000316_1_16_20180925-multires 45695 34609 4
001738-000316_1_16_20180925-multires 48381 32828 4
001738-000316_1_16_20180925-multires 37324 30524 4
001738-000316_1_16_20180925-multires 36419 30446 4
001738-000316_1_16_20180925-multires 50920 28448 4
001738-000316_1_16_20180925-multires 44915 29860 4
001738-000316_1_16_20180925-multires 48383 28199 4
001738-000316_1_16_20180925-multires 48643 26162 4
001738-000316_1_16_20180925-multires 40915 23713 4
001738-000316_1_16_20180925-multires 39499 27384 4
001738-000316_1_16_20180925-multires 39100 27550 4
001738-000316_1_16_20180925-multires 49168 20346 4
001738-000316_1_16_20180925-multires 30130 16731 4
001738-000316_1_16_20180925-multires 34789 21489 4
001738-000316_1_16_20180925-multires 33216 25158 4
001738-000316_1_16_20180925-multires 36466 24241 4
001738-000316_1_16_20180925-multires 36498 24049 4
001738-000316_1_16_20180925-multires 33917 20769 4
001738-000316_1_16_20180925-multires 32768 20742 4
001738-000316_1_16_20180925-multires 33851 19951 4
001738-000316_1_16_20180925-multires 33488 19944 4
001738-000316_1_16_20180925-multires 32762 19422 4
001738-000316_1_16_20180925-multires 33261 19038 4
001738-000316_1_16_20180925-multires 42648 15318 4
001738-000316_1_16_20180925-multires 38464 11919 4
001738-000316_1_16_20180925-multires 41713 9466 4
001738-000316_1_16_20180925-multires 36728 8431 4
