001738-000116-multires 32840 41483 1
001738-000116-multires 35433 40331 1
001738-000116-multires 30248 40042 1
001738-000116-multires 33129 39178 1
001738-000116-multires 31688 41483 1
001738-000116-multires 29960 37738 1
001738-000116-multires 34281 38602 1
001738-000116-multires 33417 40907 1
001738-000116-multires 29384 47244 1
001738-000116-multires 31976 42059 1
001738-000116-multires 27079 49261 1
001738-000116-multires 30824 36874 1
001738-000116-multires 32264 40042 1
001738-000116-multires 30824 42059 1
001738-000116-multires 34281 39754 1
001738-000116-multires 32264 41483 1
001738-000116-multires 31400 38026 1
001738-000116-multires 34281 41771 1
001738-000116-multires 34569 38602 1
001738-000116-multires 28519 46956 1
001738-000116-multires 28132 47706 1
001738-000116-multires 25583 47102 1
001738-000116-multires 32456 39765 1
