001738-000111_1_19_20180822-multires 32836 4032 0
001738-000111_1_19_20180822-multires 32260 3744 0
001738-000111_1_19_20180822-multires 32548 4608 0
001738-000111_1_19_20180822-multires 32260 4032 0
001738-000111_1_19_20180822-multires 33124 3744 0
001738-000111_1_19_20180822-multires 32548 4320 0
001738-000111_1_19_20180822-multires 33124 4032 0
001738-000111_1_19_20180822-multires 31684 4032 0
001738-000111_1_19_20180822-multires 32836 4320 0
001738-000111_1_19_20180822-multires 32260 4320 0
001738-000111_1_19_20180822-multires 32548 4896 0
001738-000111_1_19_20180822-multires 32836 4896 0
001738-000111_1_19_20180822-multires 32548 3744 0
001738-000111_1_19_20180822-multires 31972 4032 0
001738-000111_1_19_20180822-multires 33124 4608 0
001738-000111_1_19_20180822-multires 32548 4032 0
001738-000111_1_19_20180822-multires 31972 3744 0
001738-000111_1_19_20180822-multires 32836 4608 0
001738-000111_1_19_20180822-multires 33124 4320 0
001738-000111_1_19_20180822-multires 33124 4896 0
001738-000111_1_19_20180822-multires 32526 4224 0
001738-000111_1_19_20180822-multires 13538 15266 1
001738-000111_1_19_20180822-multires 14114 16418 1
001738-000111_1_19_20180822-multires 14402 16418 1
001738-000111_1_19_20180822-multires 14402 15266 1
001738-000111_1_19_20180822-multires 14978 15554 1
001738-000111_1_19_20180822-multires 11809 15842 1
001738-000111_1_19_20180822-multires 14690 15842 1
001738-000111_1_19_20180822-multires 15266 15554 1
001738-000111_1_19_20180822-multires 14114 15554 1
001738-000111_1_19_20180822-multires 11809 16130 1
001738-000111_1_19_20180822-multires 8641 21315 1
001738-000111_1_19_20180822-multires 12385 15842 1
001738-000111_1_19_20180822-multires 14114 16706 1
001738-000111_1_19_20180822-multires 14402 14690 1
001738-000111_1_19_20180822-multires 14114 15842 1
001738-000111_1_19_20180822-multires 13249 14978 1
001738-000111_1_19_20180822-multires 12961 14690 1
001738-000111_1_19_20180822-multires 13826 14978 1
001738-000111_1_19_20180822-multires 13538 15842 1
001738-000111_1_19_20180822-multires 12961 15554 1
001738-000111_1_19_20180822-multires 8739 21024 1
001738-000111_1_19_20180822-multires 13654 15649 1
001738-000111_1_19_20180822-multires 68554 34277 2
001738-000111_1_19_20180822-multires 42342 19874 2
001738-000111_1_19_20180822-multires 42342 21315 2
001738-000111_1_19_20180822-multires 31396 9505 2
001738-000111_1_19_20180822-multires 43206 20162 2
001738-000111_1_19_20180822-multires 43782 20451 2
001738-000111_1_19_20180822-multires 69706 33701 2
001738-000111_1_19_20180822-multires 40037 21315 2
001738-000111_1_19_20180822-multires 42630 21027 2
001738-000111_1_19_20180822-multires 39749 21891 2
001738-000111_1_19_20180822-multires 42342 20162 2
001738-000111_1_19_20180822-multires 43206 21315 2
001738-000111_1_19_20180822-multires 42342 20739 2
001738-000111_1_19_20180822-multires 43494 21027 2
001738-000111_1_19_20180822-multires 43206 20739 2
001738-000111_1_19_20180822-multires 42918 20739 2
001738-000111_1_19_20180822-multires 44070 21027 2
001738-000111_1_19_20180822-multires 70570 31108 2
001738-000111_1_19_20180822-multires 43494 20451 2
001738-000111_1_19_20180822-multires 43782 21603 2
001738-000111_1_19_20180822-multires 68758 34369 2
001738-000111_1_19_20180822-multires 70051 33966 2
001738-000111_1_19_20180822-multires 70802 31156 2
001738-000111_1_19_20180822-multires 40103 21412 2
001738-000111_1_19_20180822-multires 43198 20907 2
001738-000111_1_19_20180822-multires 31486 9431 2
