001738-000075_1_12_20180731-multires 57318 21890 0
001738-000075_1_12_20180731-multires 56166 21602 0
001738-000075_1_12_20180731-multires 58758 23330 0
001738-000075_1_12_20180731-multires 57894 21602 0
001738-000075_1_12_20180731-multires 55878 23330 0
001738-000075_1_12_20180731-multires 57894 22178 0
001738-000075_1_12_20180731-multires 57606 22754 0
001738-000075_1_12_20180731-multires 57318 23042 0
001738-000075_1_12_20180731-multires 55590 24194 0
001738-000075_1_12_20180731-multires 57318 24194 0
001738-000075_1_12_20180731-multires 58182 23618 0
001738-000075_1_12_20180731-multires 57030 23906 0
001738-000075_1_12_20180731-multires 56166 21890 0
001738-000075_1_12_20180731-multires 56454 23330 0
001738-000075_1_12_20180731-multires 55878 22754 0
001738-000075_1_12_20180731-multires 55590 23330 0
001738-000075_1_12_20180731-multires 57030 22466 0
001738-000075_1_12_20180731-multires 57030 21890 0
001738-000075_1_12_20180731-multires 58470 21890 0
001738-000075_1_12_20180731-multires 56166 21314 0
001738-000075_1_12_20180731-multires 57131 22865 0
001738-000075_1_12_20180731-multires 16993 44645 1
001738-000075_1_12_20180731-multires 16993 44357 1
001738-000075_1_12_20180731-multires 18434 43780 1
001738-000075_1_12_20180731-multires 17569 43204 1
001738-000075_1_12_20180731-multires 17858 44357 1
001738-000075_1_12_20180731-multires 17281 43204 1
001738-000075_1_12_20180731-multires 17858 43780 1
001738-000075_1_12_20180731-multires 17281 45509 1
001738-000075_1_12_20180731-multires 17281 44357 1
001738-000075_1_12_20180731-multires 17281 43780 1
001738-000075_1_12_20180731-multires 18146 44357 1
001738-000075_1_12_20180731-multires 16705 45221 1
001738-000075_1_12_20180731-multires 18722 43780 1
001738-000075_1_12_20180731-multires 17281 45797 1
001738-000075_1_12_20180731-multires 16993 45509 1
001738-000075_1_12_20180731-multires 17281 44645 1
001738-000075_1_12_20180731-multires 16705 44069 1
001738-000075_1_12_20180731-multires 18722 44069 1
001738-000075_1_12_20180731-multires 18434 44357 1
001738-000075_1_12_20180731-multires 17569 42916 1
001738-000075_1_12_20180731-multires 17535 44182 1
