001738-000122-multires 63949 35719 0
001738-000122-multires 61932 35143 0
001738-000122-multires 62221 36295 0
001738-000122-multires 65677 34855 0
001738-000122-multires 61356 13826 0
001738-000122-multires 63373 35719 0
001738-000122-multires 61644 35719 0
001738-000122-multires 64525 36583 0
001738-000122-multires 60204 14114 0
001738-000122-multires 63949 35431 0
001738-000122-multires 63949 34855 0
001738-000122-multires 61068 13250 0
001738-000122-multires 61644 35431 0
001738-000122-multires 61356 35143 0
001738-000122-multires 59916 14979 0
001738-000122-multires 64813 34855 0
001738-000122-multires 62221 35719 0
001738-000122-multires 60204 15843 0
001738-000122-multires 60492 13538 0
001738-000122-multires 62221 36007 0
001738-000122-multires 63659 35518 0
001738-000122-multires 60781 14291 0
001738-000122-multires 58125 13503 0
001738-000122-multires 24773 41480 1
001738-000122-multires 21028 38023 1
001738-000122-multires 21316 38888 1
001738-000122-multires 21892 39752 1
001738-000122-multires 21604 40040 1
001738-000122-multires 18723 33126 1
001738-000122-multires 20740 40040 1
001738-000122-multires 21316 40904 1
001738-000122-multires 21028 38600 1
001738-000122-multires 20740 39176 1
001738-000122-multires 22756 40040 1
001738-000122-multires 19588 33703 1
001738-000122-multires 21028 38312 1
001738-000122-multires 24485 41192 1
001738-000122-multires 21028 40904 1
001738-000122-multires 21604 39176 1
001738-000122-multires 19300 33126 1
001738-000122-multires 22180 40904 1
001738-000122-multires 20452 39176 1
001738-000122-multires 21316 39464 1
001738-000122-multires 24744 41086 1
001738-000122-multires 21374 39648 1
001738-000122-multires 19294 33282 1
