001738-000324_1_08_20181001-multires 59331 34850 3
001738-000324_1_08_20181001-multires 44642 26785 3
001738-000324_1_08_20181001-multires 48675 25921 3
001738-000324_1_08_20181001-multires 55875 36290 3
001738-000324_1_08_20181001-multires 45794 23329 3
001738-000324_1_08_20181001-multires 59043 34274 3
001738-000324_1_08_20181001-multires 59619 33986 3
001738-000324_1_08_20181001-multires 68548 44642 3
001738-000324_1_08_20181001-multires 56163 36290 3
001738-000324_1_08_20181001-multires 59331 35138 3
001738-000324_1_08_20181001-multires 56451 37442 3
001738-000324_1_08_20181001-multires 59043 33986 3
001738-000324_1_08_20181001-multires 59331 33410 3
001738-000324_1_08_20181001-multires 66820 29953 3
001738-000324_1_08_20181001-multires 59907 33986 3
001738-000324_1_08_20181001-multires 66532 29665 3
001738-000324_1_08_20181001-multires 67684 30241 3
001738-000324_1_08_20181001-multires 56163 36578 3
001738-000324_1_08_20181001-multires 59907 33698 3
001738-000324_1_08_20181001-multires 59907 34850 3
001738-000324_1_08_20181001-multires 66793 49047 3
001738-000324_1_08_20181001-multires 67404 48583 3
001738-000324_1_08_20181001-multires 66340 48451 3
001738-000324_1_08_20181001-multires 68020 48419 3
001738-000324_1_08_20181001-multires 68500 48323 3
001738-000324_1_08_20181001-multires 67398 48344 3
001738-000324_1_08_20181001-multires 67972 47715 3
001738-000324_1_08_20181001-multires 66260 47267 3
001738-000324_1_08_20181001-multires 68583 47030 3
001738-000324_1_08_20181001-multires 68093 47014 3
001738-000324_1_08_20181001-multires 67762 46747 3
001738-000324_1_08_20181001-multires 66046 46781 3
001738-000324_1_08_20181001-multires 68372 46659 3
001738-000324_1_08_20181001-multires 68638 46643 3
001738-000324_1_08_20181001-multires 66240 46527 3
001738-000324_1_08_20181001-multires 69185 46225 3
001738-000324_1_08_20181001-multires 58657 46237 3
001738-000324_1_08_20181001-multires 68890 46100 3
001738-000324_1_08_20181001-multires 68597 45832 3
001738-000324_1_08_20181001-multires 69442 45018 3
001738-000324_1_08_20181001-multires 69007 45006 3
001738-000324_1_08_20181001-multires 70004 44802 3
001738-000324_1_08_20181001-multires 71527 44743 3
001738-000324_1_08_20181001-multires 67698 44600 3
001738-000324_1_08_20181001-multires 69104 44489 3
001738-000324_1_08_20181001-multires 68444 44533 3
001738-000324_1_08_20181001-multires 69961 44228 3
001738-000324_1_08_20181001-multires 67645 44163 3
001738-000324_1_08_20181001-multires 49275 44171 3
001738-000324_1_08_20181001-multires 67882 44195 3
001738-000324_1_08_20181001-multires 50853 44008 3
001738-000324_1_08_20181001-multires 69096 43983 3
001738-000324_1_08_20181001-multires 51083 43820 3
001738-000324_1_08_20181001-multires 50790 43817 3
001738-000324_1_08_20181001-multires 58480 43848 3
001738-000324_1_08_20181001-multires 72383 43677 3
001738-000324_1_08_20181001-multires 71846 43659 3
001738-000324_1_08_20181001-multires 51178 43626 3
001738-000324_1_08_20181001-multires 72638 43562 3
001738-000324_1_08_20181001-multires 68727 43615 3
001738-000324_1_08_20181001-multires 58073 43600 3
001738-000324_1_08_20181001-multires 47976 43499 3
001738-000324_1_08_20181001-multires 49325 43233 3
001738-000324_1_08_20181001-multires 71972 43154 3
001738-000324_1_08_20181001-multires 72593 43167 3
001738-000324_1_08_20181001-multires 71796 42962 3
001738-000324_1_08_20181001-multires 72058 42763 3
001738-000324_1_08_20181001-multires 47754 42770 3
001738-000324_1_08_20181001-multires 68592 42843 3
001738-000324_1_08_20181001-multires 72868 42578 3
001738-000324_1_08_20181001-multires 51304 42459 3
001738-000324_1_08_20181001-multires 50263 42454 3
001738-000324_1_08_20181001-multires 72740 42327 3
001738-000324_1_08_20181001-multires 48515 42354 3
001738-000324_1_08_20181001-multires 72174 42303 3
001738-000324_1_08_20181001-multires 72420 42080 3
001738-000324_1_08_20181001-multires 64692 42082 3
001738-000324_1_08_20181001-multires 61402 42113 3
001738-000324_1_08_20181001-multires 71908 41954 3
001738-000324_1_08_20181001-multires 57947 42118 3
001738-000324_1_08_20181001-multires 49885 41972 3
001738-000324_1_08_20181001-multires 68755 42258 3
001738-000324_1_08_20181001-multires 47269 42051 3
001738-000324_1_08_20181001-multires 46966 41848 3
001738-000324_1_08_20181001-multires 50082 41819 3
001738-000324_1_08_20181001-multires 62710 41900 3
001738-000324_1_08_20181001-multires 50285 41810 3
001738-000324_1_08_20181001-multires 66044 41643 3
001738-000324_1_08_20181001-multires 47633 41722 3
001738-000324_1_08_20181001-multires 47862 41640 3
001738-000324_1_08_20181001-multires 48404 41649 3
001738-000324_1_08_20181001-multires 68646 41732 3
001738-000324_1_08_20181001-multires 56154 41632 3
001738-000324_1_08_20181001-multires 72502 41450 3
001738-000324_1_08_20181001-multires 50082 41514 3
001738-000324_1_08_20181001-multires 48094 41444 3
001738-000324_1_08_20181001-multires 68511 41460 3
001738-000324_1_08_20181001-multires 65243 41513 3
001738-000324_1_08_20181001-multires 50333 41394 3
001738-000324_1_08_20181001-multires 48997 41559 3
001738-000324_1_08_20181001-multires 45717 41261 3
001738-000324_1_08_20181001-multires 62763 41230 3
001738-000324_1_08_20181001-multires 47381 41205 3
001738-000324_1_08_20181001-multires 71679 41127 3
001738-000324_1_08_20181001-multires 57626 41208 3
001738-000324_1_08_20181001-multires 48569 41317 3
001738-000324_1_08_20181001-multires 69418 41115 3
001738-000324_1_08_20181001-multires 61586 41389 3
001738-000324_1_08_20181001-multires 61426 41070 3
001738-000324_1_08_20181001-multires 65057 41006 3
001738-000324_1_08_20181001-multires 65926 40713 3
001738-000324_1_08_20181001-multires 62803 40768 3
001738-000324_1_08_20181001-multires 64862 40603 3
001738-000324_1_08_20181001-multires 65519 40729 3
001738-000324_1_08_20181001-multires 65993 40449 3
001738-000324_1_08_20181001-multires 58626 40642 3
001738-000324_1_08_20181001-multires 60955 40359 3
001738-000324_1_08_20181001-multires 57028 40384 3
001738-000324_1_08_20181001-multires 62162 40189 3
001738-000324_1_08_20181001-multires 60417 40192 3
001738-000324_1_08_20181001-multires 65516 40191 3
001738-000324_1_08_20181001-multires 62391 40125 3
001738-000324_1_08_20181001-multires 58007 40084 3
001738-000324_1_08_20181001-multires 61029 39980 3
001738-000324_1_08_20181001-multires 61723 39930 3
001738-000324_1_08_20181001-multires 62817 39778 3
001738-000324_1_08_20181001-multires 60761 39812 3
001738-000324_1_08_20181001-multires 62135 39610 3
001738-000324_1_08_20181001-multires 61657 39527 3
001738-000324_1_08_20181001-multires 61423 39554 3
001738-000324_1_08_20181001-multires 65518 39586 3
001738-000324_1_08_20181001-multires 60085 39476 3
001738-000324_1_08_20181001-multires 62181 39308 3
001738-000324_1_08_20181001-multires 64994 39454 3
001738-000324_1_08_20181001-multires 74179 39116 3
001738-000324_1_08_20181001-multires 65538 39120 3
001738-000324_1_08_20181001-multires 65822 39110 3
001738-000324_1_08_20181001-multires 57392 39039 3
001738-000324_1_08_20181001-multires 64816 38982 3
001738-000324_1_08_20181001-multires 64427 39338 3
001738-000324_1_08_20181001-multires 65309 38883 3
001738-000324_1_08_20181001-multires 65655 38776 3
001738-000324_1_08_20181001-multires 55523 38738 3
001738-000324_1_08_20181001-multires 64450 38697 3
001738-000324_1_08_20181001-multires 57535 38692 3
001738-000324_1_08_20181001-multires 57029 38847 3
001738-000324_1_08_20181001-multires 74176 38523 3
001738-000324_1_08_20181001-multires 45298 38490 3
001738-000324_1_08_20181001-multires 71428 38398 3
001738-000324_1_08_20181001-multires 71169 38350 3
001738-000324_1_08_20181001-multires 74314 38222 3
001738-000324_1_08_20181001-multires 67119 38268 3
001738-000324_1_08_20181001-multires 44983 38315 3
001738-000324_1_08_20181001-multires 65057 38184 3
001738-000324_1_08_20181001-multires 44642 38098 3
001738-000324_1_08_20181001-multires 74084 38034 3
001738-000324_1_08_20181001-multires 44811 38020 3
001738-000324_1_08_20181001-multires 65388 38066 3
001738-000324_1_08_20181001-multires 58447 37983 3
001738-000324_1_08_20181001-multires 44968 37938 3
001738-000324_1_08_20181001-multires 44648 37629 3
001738-000324_1_08_20181001-multires 44800 37711 3
001738-000324_1_08_20181001-multires 57683 37586 3
001738-000324_1_08_20181001-multires 70110 37776 3
001738-000324_1_08_20181001-multires 71332 37498 3
001738-000324_1_08_20181001-multires 71693 37722 3
001738-000324_1_08_20181001-multires 44693 37418 3
001738-000324_1_08_20181001-multires 74564 37362 3
001738-000324_1_08_20181001-multires 67181 37348 3
001738-000324_1_08_20181001-multires 44130 37330 3
001738-000324_1_08_20181001-multires 56414 37424 3
001738-000324_1_08_20181001-multires 70593 37166 3
001738-000324_1_08_20181001-multires 57436 37172 3
001738-000324_1_08_20181001-multires 57013 37314 3
001738-000324_1_08_20181001-multires 75108 37074 3
001738-000324_1_08_20181001-multires 67022 37077 3
001738-000324_1_08_20181001-multires 70917 37092 3
001738-000324_1_08_20181001-multires 44528 37042 3
001738-000324_1_08_20181001-multires 56706 36994 3
001738-000324_1_08_20181001-multires 44355 36826 3
001738-000324_1_08_20181001-multires 73484 36898 3
001738-000324_1_08_20181001-multires 72985 36859 3
001738-000324_1_08_20181001-multires 67193 36749 3
001738-000324_1_08_20181001-multires 43918 36834 3
001738-000324_1_08_20181001-multires 74769 36725 3
001738-000324_1_08_20181001-multires 44130 36674 3
001738-000324_1_08_20181001-multires 71458 36784 3
001738-000324_1_08_20181001-multires 52328 36509 3
001738-000324_1_08_20181001-multires 66756 36498 3
001738-000324_1_08_20181001-multires 56900 36639 3
001738-000324_1_08_20181001-multires 54617 36495 3
001738-000324_1_08_20181001-multires 56426 36785 3
001738-000324_1_08_20181001-multires 73384 36459 3
001738-000324_1_08_20181001-multires 43754 36426 3
001738-000324_1_08_20181001-multires 60707 36482 3
001738-000324_1_08_20181001-multires 56835 36146 3
001738-000324_1_08_20181001-multires 66978 36122 3
001738-000324_1_08_20181001-multires 72274 35982 3
001738-000324_1_08_20181001-multires 57570 35706 3
001738-000324_1_08_20181001-multires 57033 35730 3
001738-000324_1_08_20181001-multires 55695 35598 3
001738-000324_1_08_20181001-multires 56125 36121 3
001738-000324_1_08_20181001-multires 56127 36499 3
001738-000324_1_08_20181001-multires 56083 36162 3
001738-000324_1_08_20181001-multires 57302 35430 3
001738-000324_1_08_20181001-multires 72817 35365 3
001738-000324_1_08_20181001-multires 57646 35367 3
001738-000324_1_08_20181001-multires 72170 35280 3
001738-000324_1_08_20181001-multires 56976 35364 3
001738-000324_1_08_20181001-multires 71758 35283 3
001738-000324_1_08_20181001-multires 57218 35194 3
001738-000324_1_08_20181001-multires 44450 35234 3
001738-000324_1_08_20181001-multires 43972 35090 3
001738-000324_1_08_20181001-multires 56834 34970 3
001738-000324_1_08_20181001-multires 68511 34684 3
001738-000324_1_08_20181001-multires 45613 34903 3
001738-000324_1_08_20181001-multires 69412 34482 3
001738-000324_1_08_20181001-multires 70818 34332 3
001738-000324_1_08_20181001-multires 44431 34304 3
001738-000324_1_08_20181001-multires 75391 34172 3
001738-000324_1_08_20181001-multires 45706 34172 3
001738-000324_1_08_20181001-multires 70173 33998 3
001738-000324_1_08_20181001-multires 46072 34005 3
001738-000324_1_08_20181001-multires 45447 33944 3
001738-000324_1_08_20181001-multires 44452 33986 3
001738-000324_1_08_20181001-multires 44049 34018 3
001738-000324_1_08_20181001-multires 44226 33858 3
001738-000324_1_08_20181001-multires 68700 33871 3
001738-000324_1_08_20181001-multires 69912 33743 3
001738-000324_1_08_20181001-multires 45917 33776 3
001738-000324_1_08_20181001-multires 71949 33579 3
001738-000324_1_08_20181001-multires 44064 33678 3
001738-000324_1_08_20181001-multires 45537 33643 3
001738-000324_1_08_20181001-multires 71569 33532 3
001738-000324_1_08_20181001-multires 45458 33522 3
001738-000324_1_08_20181001-multires 66550 33491 3
001738-000324_1_08_20181001-multires 45134 33395 3
001738-000324_1_08_20181001-multires 73520 33302 3
001738-000324_1_08_20181001-multires 69617 33322 3
001738-000324_1_08_20181001-multires 59486 34202 3
001738-000324_1_08_20181001-multires 45026 33106 3
001738-000324_1_08_20181001-multires 45778 33138 3
001738-000324_1_08_20181001-multires 73364 33000 3
001738-000324_1_08_20181001-multires 62525 32980 3
001738-000324_1_08_20181001-multires 69467 32973 3
001738-000324_1_08_20181001-multires 69179 32854 3
001738-000324_1_08_20181001-multires 67273 32794 3
001738-000324_1_08_20181001-multires 45912 32818 3
001738-000324_1_08_20181001-multires 70541 32813 3
001738-000324_1_08_20181001-multires 51816 32605 3
001738-000324_1_08_20181001-multires 69321 32491 3
001738-000324_1_08_20181001-multires 62388 32386 3
001738-000324_1_08_20181001-multires 70098 32466 3
001738-000324_1_08_20181001-multires 71139 32445 3
001738-000324_1_08_20181001-multires 51224 32486 3
001738-000324_1_08_20181001-multires 72148 32188 3
001738-000324_1_08_20181001-multires 63066 32239 3
001738-000324_1_08_20181001-multires 70833 32174 3
001738-000324_1_08_20181001-multires 52884 32352 3
001738-000324_1_08_20181001-multires 64081 32163 3
001738-000324_1_08_20181001-multires 71671 32047 3
001738-000324_1_08_20181001-multires 62908 32065 3
001738-000324_1_08_20181001-multires 52410 32010 3
001738-000324_1_08_20181001-multires 70604 32044 3
001738-000324_1_08_20181001-multires 64428 31841 3
001738-000324_1_08_20181001-multires 64973 31754 3
001738-000324_1_08_20181001-multires 69027 31929 3
001738-000324_1_08_20181001-multires 68132 31714 3
001738-000324_1_08_20181001-multires 71508 31578 3
001738-000324_1_08_20181001-multires 65054 31554 3
001738-000324_1_08_20181001-multires 63333 31540 3
001738-000324_1_08_20181001-multires 70787 31446 3
001738-000324_1_08_20181001-multires 63191 31403 3
001738-000324_1_08_20181001-multires 69069 31382 3
001738-000324_1_08_20181001-multires 71940 31138 3
001738-000324_1_08_20181001-multires 64871 31215 3
001738-000324_1_08_20181001-multires 51404 31172 3
001738-000324_1_08_20181001-multires 68279 31186 3
001738-000324_1_08_20181001-multires 72324 31042 3
001738-000324_1_08_20181001-multires 71821 31033 3
001738-000324_1_08_20181001-multires 71316 30994 3
001738-000324_1_08_20181001-multires 51176 30792 3
001738-000324_1_08_20181001-multires 57932 30717 3
001738-000324_1_08_20181001-multires 69391 30760 3
001738-000324_1_08_20181001-multires 47695 30740 3
001738-000324_1_08_20181001-multires 71172 30651 3
001738-000324_1_08_20181001-multires 50662 30485 3
001738-000324_1_08_20181001-multires 71460 30449 3
001738-000324_1_08_20181001-multires 48445 30396 3
001738-000324_1_08_20181001-multires 62676 30418 3
001738-000324_1_08_20181001-multires 69014 30435 3
001738-000324_1_08_20181001-multires 62420 30385 3
001738-000324_1_08_20181001-multires 52047 30315 3
001738-000324_1_08_20181001-multires 50957 30349 3
001738-000324_1_08_20181001-multires 47465 29996 3
001738-000324_1_08_20181001-multires 64407 29977 3
001738-000324_1_08_20181001-multires 64896 29885 3
001738-000324_1_08_20181001-multires 45850 29713 3
001738-000324_1_08_20181001-multires 46970 29723 3
001738-000324_1_08_20181001-multires 47739 29494 3
001738-000324_1_08_20181001-multires 67094 29398 3
001738-000324_1_08_20181001-multires 66637 29803 3
001738-000324_1_08_20181001-multires 45665 29258 3
001738-000324_1_08_20181001-multires 47144 29102 3
001738-000324_1_08_20181001-multires 47929 29050 3
001738-000324_1_08_20181001-multires 43213 28758 3
001738-000324_1_08_20181001-multires 42967 28686 3
001738-000324_1_08_20181001-multires 43005 28051 3
001738-000324_1_08_20181001-multires 48868 27931 3
001738-000324_1_08_20181001-multires 48440 27804 3
001738-000324_1_08_20181001-multires 59793 27807 3
001738-000324_1_08_20181001-multires 68114 27629 3
001738-000324_1_08_20181001-multires 49299 27567 3
001738-000324_1_08_20181001-multires 50045 27527 3
001738-000324_1_08_20181001-multires 69039 27429 3
001738-000324_1_08_20181001-multires 68236 27281 3
001738-000324_1_08_20181001-multires 42904 27292 3
001738-000324_1_08_20181001-multires 52500 27194 3
001738-000324_1_08_20181001-multires 68508 26982 3
001738-000324_1_08_20181001-multires 47869 27036 3
001738-000324_1_08_20181001-multires 65132 26914 3
001738-000324_1_08_20181001-multires 50092 26816 3
001738-000324_1_08_20181001-multires 65245 26673 3
001738-000324_1_08_20181001-multires 44579 26764 3
001738-000324_1_08_20181001-multires 42929 26749 3
001738-000324_1_08_20181001-multires 52884 26672 3
001738-000324_1_08_20181001-multires 65406 26545 3
001738-000324_1_08_20181001-multires 49459 26653 3
001738-000324_1_08_20181001-multires 54755 26017 3
001738-000324_1_08_20181001-multires 49156 26060 3
001738-000324_1_08_20181001-multires 43239 26125 3
001738-000324_1_08_20181001-multires 54406 25799 3
001738-000324_1_08_20181001-multires 48632 25864 3
001738-000324_1_08_20181001-multires 48869 25586 3
001738-000324_1_08_20181001-multires 48739 25521 3
001738-000324_1_08_20181001-multires 54260 25471 3
001738-000324_1_08_20181001-multires 48435 25425 3
001738-000324_1_08_20181001-multires 49154 25246 3
001738-000324_1_08_20181001-multires 49665 24917 3
001738-000324_1_08_20181001-multires 49404 24829 3
001738-000324_1_08_20181001-multires 49797 24388 3
001738-000324_1_08_20181001-multires 48785 24447 3
001738-000324_1_08_20181001-multires 45636 24023 3
001738-000324_1_08_20181001-multires 49376 23924 3
001738-000324_1_08_20181001-multires 49192 23900 3
001738-000324_1_08_20181001-multires 49268 23672 3
001738-000324_1_08_20181001-multires 46106 23488 3
001738-000324_1_08_20181001-multires 55865 23678 3
001738-000324_1_08_20181001-multires 55126 23441 3
001738-000324_1_08_20181001-multires 49419 23392 3
001738-000324_1_08_20181001-multires 55622 23289 3
001738-000324_1_08_20181001-multires 50128 23333 3
001738-000324_1_08_20181001-multires 45519 23636 3
001738-000324_1_08_20181001-multires 55038 23078 3
001738-000324_1_08_20181001-multires 55355 22958 3
001738-000324_1_08_20181001-multires 50524 22860 3
001738-000324_1_08_20181001-multires 55450 22831 3
001738-000324_1_08_20181001-multires 46369 22886 3
001738-000324_1_08_20181001-multires 56100 22521 3
001738-000324_1_08_20181001-multires 49474 22233 3
001738-000324_1_08_20181001-multires 49475 21937 3
001738-000324_1_08_20181001-multires 55319 21823 3
001738-000324_1_08_20181001-multires 49722 21603 3
001738-000324_1_08_20181001-multires 53597 21511 3
001738-000324_1_08_20181001-multires 53735 21178 3
001738-000324_1_08_20181001-multires 50781 20194 3
001738-000324_1_08_20181001-multires 51655 19991 3
001738-000324_1_08_20181001-multires 50963 19777 3
001738-000324_1_08_20181001-multires 50720 19557 3
001738-000324_1_08_20181001-multires 53720 19016 3
001738-000324_1_08_20181001-multires 53443 18033 3
001738-000324_1_08_20181001-multires 49251 43778 4
001738-000324_1_08_20181001-multires 71428 34274 4
001738-000324_1_08_20181001-multires 61059 41186 4
001738-000324_1_08_20181001-multires 73732 36578 4
001738-000324_1_08_20181001-multires 63076 30817 4
001738-000324_1_08_20181001-multires 56451 26785 4
001738-000324_1_08_20181001-multires 69988 34850 4
001738-000324_1_08_20181001-multires 58179 38882 4
001738-000324_1_08_20181001-multires 62788 46659 4
001738-000324_1_08_20181001-multires 71428 33122 4
001738-000324_1_08_20181001-multires 46659 31394 4
001738-000324_1_08_20181001-multires 63076 53859 4
001738-000324_1_08_20181001-multires 60771 33122 4
001738-000324_1_08_20181001-multires 49251 31682 4
001738-000324_1_08_20181001-multires 52995 40610 4
001738-000324_1_08_20181001-multires 73444 35138 4
001738-000324_1_08_20181001-multires 65956 12960 4
001738-000324_1_08_20181001-multires 60771 21025 4
001738-000324_1_08_20181001-multires 57315 23041 4
001738-000324_1_08_20181001-multires 48099 44930 4
001738-000324_1_08_20181001-multires 65915 53620 4
001738-000324_1_08_20181001-multires 62957 53387 4
001738-000324_1_08_20181001-multires 55154 51993 4
001738-000324_1_08_20181001-multires 48010 51443 4
001738-000324_1_08_20181001-multires 45379 49068 4
001738-000324_1_08_20181001-multires 37936 49136 4
001738-000324_1_08_20181001-multires 49153 48741 4
001738-000324_1_08_20181001-multires 66086 46571 4
001738-000324_1_08_20181001-multires 45063 47803 4
001738-000324_1_08_20181001-multires 55344 45700 4
001738-000324_1_08_20181001-multires 52321 46190 4
001738-000324_1_08_20181001-multires 68767 44942 4
001738-000324_1_08_20181001-multires 54464 44676 4
001738-000324_1_08_20181001-multires 68553 42195 4
001738-000324_1_08_20181001-multires 49955 41266 4
001738-000324_1_08_20181001-multires 48020 43153 4
001738-000324_1_08_20181001-multires 49281 44176 4
001738-000324_1_08_20181001-multires 51009 43788 4
001738-000324_1_08_20181001-multires 48218 43762 4
001738-000324_1_08_20181001-multires 50046 43276 4
001738-000324_1_08_20181001-multires 49313 43211 4
001738-000324_1_08_20181001-multires 46053 43143 4
001738-000324_1_08_20181001-multires 47737 42756 4
001738-000324_1_08_20181001-multires 48168 41816 4
001738-000324_1_08_20181001-multires 47163 41986 4
001738-000324_1_08_20181001-multires 47724 41660 4
001738-000324_1_08_20181001-multires 46169 39111 4
001738-000324_1_08_20181001-multires 44263 37077 4
001738-000324_1_08_20181001-multires 74872 36550 4
001738-000324_1_08_20181001-multires 74096 39902 4
001738-000324_1_08_20181001-multires 74175 39119 4
001738-000324_1_08_20181001-multires 74242 38376 4
001738-000324_1_08_20181001-multires 74079 38001 4
001738-000324_1_08_20181001-multires 74563 37369 4
001738-000324_1_08_20181001-multires 75093 37082 4
001738-000324_1_08_20181001-multires 74771 36730 4
001738-000324_1_08_20181001-multires 74787 36292 4
001738-000324_1_08_20181001-multires 44381 36282 4
001738-000324_1_08_20181001-multires 44277 36012 4
001738-000324_1_08_20181001-multires 44452 35225 4
001738-000324_1_08_20181001-multires 69344 32757 4
001738-000324_1_08_20181001-multires 67110 29688 4
001738-000324_1_08_20181001-multires 46910 31407 4
001738-000324_1_08_20181001-multires 44041 30896 4
001738-000324_1_08_20181001-multires 45551 28757 4
001738-000324_1_08_20181001-multires 45667 29254 4
001738-000324_1_08_20181001-multires 54334 25628 4
001738-000324_1_08_20181001-multires 47193 23641 4
001738-000324_1_08_20181001-multires 44885 25048 4
001738-000324_1_08_20181001-multires 67463 23244 4
001738-000324_1_08_20181001-multires 48491 24200 4
001738-000324_1_08_20181001-multires 48435 25419 4
001738-000324_1_08_20181001-multires 49548 24876 4
001738-000324_1_08_20181001-multires 49797 24379 4
001738-000324_1_08_20181001-multires 48775 24432 4
001738-000324_1_08_20181001-multires 48645 22834 4
001738-000324_1_08_20181001-multires 51301 21381 4
001738-000324_1_08_20181001-multires 53169 19764 4
001738-000324_1_08_20181001-multires 74945 17894 4
001738-000324_1_08_20181001-multires 54792 17572 4
001738-000324_1_08_20181001-multires 77879 17204 4
001738-000324_1_08_20181001-multires 60191 35872 4
001738-000324_1_08_20181001-multires 66107 52027 4
001738-000324_1_08_20181001-multires 64851 50432 4
001738-000324_1_08_20181001-multires 61690 50462 4
001738-000324_1_08_20181001-multires 66830 49031 4
001738-000324_1_08_20181001-multires 58240 49049 4
001738-000324_1_08_20181001-multires 66343 48453 4
001738-000324_1_08_20181001-multires 68525 48323 4
001738-000324_1_08_20181001-multires 67581 48466 4
001738-000324_1_08_20181001-multires 64528 48178 4
001738-000324_1_08_20181001-multires 67998 47700 4
001738-000324_1_08_20181001-multires 66275 47262 4
001738-000324_1_08_20181001-multires 68270 47022 4
001738-000324_1_08_20181001-multires 67752 46767 4
001738-000324_1_08_20181001-multires 68558 46644 4
001738-000324_1_08_20181001-multires 69193 46221 4
001738-000324_1_08_20181001-multires 58657 46236 4
001738-000324_1_08_20181001-multires 68896 46108 4
001738-000324_1_08_20181001-multires 69836 45596 4
001738-000324_1_08_20181001-multires 62230 45329 4
001738-000324_1_08_20181001-multires 70014 44798 4
001738-000324_1_08_20181001-multires 71522 44736 4
001738-000324_1_08_20181001-multires 69955 44310 4
001738-000324_1_08_20181001-multires 57688 44063 4
001738-000324_1_08_20181001-multires 58499 43863 4
001738-000324_1_08_20181001-multires 71847 43671 4
001738-000324_1_08_20181001-multires 68907 43794 4
001738-000324_1_08_20181001-multires 58065 43563 4
001738-000324_1_08_20181001-multires 72546 43423 4
001738-000324_1_08_20181001-multires 51301 42454 4
001738-000324_1_08_20181001-multires 72819 42458 4
001738-000324_1_08_20181001-multires 72177 42304 4
001738-000324_1_08_20181001-multires 71773 42744 4
001738-000324_1_08_20181001-multires 64708 42104 4
001738-000324_1_08_20181001-multires 71918 41956 4
001738-000324_1_08_20181001-multires 57950 42114 4
001738-000324_1_08_20181001-multires 72416 42006 4
001738-000324_1_08_20181001-multires 69102 41816 4
001738-000324_1_08_20181001-multires 72502 41447 4
001738-000324_1_08_20181001-multires 62762 41227 4
001738-000324_1_08_20181001-multires 71680 41124 4
001738-000324_1_08_20181001-multires 57620 41215 4
001738-000324_1_08_20181001-multires 62134 41930 4
001738-000324_1_08_20181001-multires 62801 40775 4
001738-000324_1_08_20181001-multires 65073 41078 4
001738-000324_1_08_20181001-multires 58623 40640 4
001738-000324_1_08_20181001-multires 62308 40183 4
001738-000324_1_08_20181001-multires 58008 40084 4
001738-000324_1_08_20181001-multires 62813 39785 4
001738-000324_1_08_20181001-multires 60756 40080 4
001738-000324_1_08_20181001-multires 61842 39657 4
001738-000324_1_08_20181001-multires 55881 39250 4
001738-000324_1_08_20181001-multires 57462 38858 4
001738-000324_1_08_20181001-multires 57050 38800 4
001738-000324_1_08_20181001-multires 60900 38439 4
001738-000324_1_08_20181001-multires 53440 38309 4
001738-000324_1_08_20181001-multires 71310 38376 4
001738-000324_1_08_20181001-multires 65743 38142 4
001738-000324_1_08_20181001-multires 52331 38208 4
001738-000324_1_08_20181001-multires 65211 38138 4
001738-000324_1_08_20181001-multires 55893 40435 4
001738-000324_1_08_20181001-multires 57655 37666 4
001738-000324_1_08_20181001-multires 71706 37626 4
001738-000324_1_08_20181001-multires 62584 38051 4
001738-000324_1_08_20181001-multires 52747 37415 4
001738-000324_1_08_20181001-multires 55488 37432 4
001738-000324_1_08_20181001-multires 59222 38375 4
001738-000324_1_08_20181001-multires 71711 37101 4
001738-000324_1_08_20181001-multires 57429 37167 4
001738-000324_1_08_20181001-multires 66682 37054 4
001738-000324_1_08_20181001-multires 52513 36925 4
001738-000324_1_08_20181001-multires 67195 36743 4
001738-000324_1_08_20181001-multires 71460 36785 4
001738-000324_1_08_20181001-multires 52557 36580 4
001738-000324_1_08_20181001-multires 52326 36529 4
001738-000324_1_08_20181001-multires 66703 36579 4
001738-000324_1_08_20181001-multires 54638 36481 4
001738-000324_1_08_20181001-multires 66982 36118 4
001738-000324_1_08_20181001-multires 66978 35252 4
001738-000324_1_08_20181001-multires 57612 35547 4
001738-000324_1_08_20181001-multires 71761 35291 4
001738-000324_1_08_20181001-multires 71231 35221 4
001738-000324_1_08_20181001-multires 61136 35721 4
001738-000324_1_08_20181001-multires 56512 36281 4
001738-000324_1_08_20181001-multires 52319 34936 4
001738-000324_1_08_20181001-multires 67069 34323 4
001738-000324_1_08_20181001-multires 70812 34337 4
001738-000324_1_08_20181001-multires 67683 33995 4
001738-000324_1_08_20181001-multires 67057 33966 4
001738-000324_1_08_20181001-multires 70176 34008 4
001738-000324_1_08_20181001-multires 52303 33765 4
001738-000324_1_08_20181001-multires 52043 33620 4
001738-000324_1_08_20181001-multires 51331 33618 4
001738-000324_1_08_20181001-multires 71969 33579 4
001738-000324_1_08_20181001-multires 66547 33498 4
001738-000324_1_08_20181001-multires 71560 33523 4
001738-000324_1_08_20181001-multires 51398 33174 4
001738-000324_1_08_20181001-multires 59445 34267 4
001738-000324_1_08_20181001-multires 73356 33000 4
001738-000324_1_08_20181001-multires 67277 32789 4
001738-000324_1_08_20181001-multires 66932 32402 4
001738-000324_1_08_20181001-multires 51835 32591 4
001738-000324_1_08_20181001-multires 52019 32258 4
001738-000324_1_08_20181001-multires 51229 32514 4
001738-000324_1_08_20181001-multires 52396 32034 4
001738-000324_1_08_20181001-multires 64425 31840 4
001738-000324_1_08_20181001-multires 68136 31716 4
001738-000324_1_08_20181001-multires 70288 31470 4
001738-000324_1_08_20181001-multires 63271 31481 4
001738-000324_1_08_20181001-multires 66010 31452 4
001738-000324_1_08_20181001-multires 64941 31444 4
001738-000324_1_08_20181001-multires 51397 31180 4
001738-000324_1_08_20181001-multires 68293 31187 4
001738-000324_1_08_20181001-multires 51191 30793 4
001738-000324_1_08_20181001-multires 69014 30466 4
001738-000324_1_08_20181001-multires 63202 32400 4
001738-000324_1_08_20181001-multires 52016 30356 4
001738-000324_1_08_20181001-multires 50921 30362 4
001738-000324_1_08_20181001-multires 64297 29494 4
001738-000324_1_08_20181001-multires 48430 27837 4
001738-000324_1_08_20181001-multires 59789 27810 4
001738-000324_1_08_20181001-multires 52487 27216 4
001738-000324_1_08_20181001-multires 50092 26823 4
001738-000324_1_08_20181001-multires 56732 30434 4
001738-000324_1_08_20181001-multires 54557 31302 4
001738-000324_1_08_20181001-multires 56865 29601 4
001738-000324_1_08_20181001-multires 52896 26661 4
001738-000324_1_08_20181001-multires 58408 23567 4
001738-000324_1_08_20181001-multires 55392 22854 4
001738-000324_1_08_20181001-multires 56106 22496 4
001738-000324_1_08_20181001-multires 61075 21617 4
001738-000324_1_08_20181001-multires 74481 16569 4
001738-000324_1_08_20181001-multires 80515 14150 4
001738-000324_1_08_20181001-multires 75594 14873 4
001738-000324_1_08_20181001-multires 69885 18649 4
001738-000324_1_08_20181001-multires 78464 13727 4
001738-000324_1_08_20181001-multires 74677 13206 4
001738-000324_1_08_20181001-multires 75228 11799 4
001738-000324_1_08_20181001-multires 63226 13678 4
001738-000324_1_08_20181001-multires 59606 11167 4
001738-000324_1_08_20181001-multires 54478 14013 4
001738-000324_1_08_20181001-multires 62900 7391 4
001738-000324_1_08_20181001-multires 61831 6185 4
