001738-000131-multires 23330 11809 2
001738-000131-multires 27939 13825 2
001738-000131-multires 15841 14689 2
001738-000131-multires 30531 15553 2
001738-000131-multires 24194 16129 2
001738-000131-multires 23906 17281 2
001738-000131-multires 23330 15553 2
001738-000131-multires 23618 14113 2
001738-000131-multires 24482 14977 2
001738-000131-multires 22466 11233 2
001738-000131-multires 17281 15841 2
001738-000131-multires 28803 14401 2
001738-000131-multires 16417 15553 2
001738-000131-multires 23330 17281 2
001738-000131-multires 16129 15265 2
001738-000131-multires 21890 16705 2
001738-000131-multires 22754 10945 2
001738-000131-multires 23042 12961 2
001738-000131-multires 29955 13249 2
001738-000131-multires 12097 17857 2
001738-000131-multires 13443 17679 2
001738-000131-multires 14876 17171 2
001738-000131-multires 13139 17041 2
001738-000131-multires 27134 16271 2
001738-000131-multires 22101 16258 2
001738-000131-multires 16458 15220 2
001738-000131-multires 23958 15912 2
001738-000131-multires 31204 15057 2
001738-000131-multires 29111 14020 2
001738-000131-multires 21618 10964 2
001738-000131-multires 23652 12869 2
001738-000131-multires 23566 13237 2
001738-000131-multires 23275 11081 2
001738-000131-multires 11521 19010 4
001738-000131-multires 11521 18722 4
001738-000131-multires 11492 18810 4
