001738-000055_1_01_20180724-multires 51562 9793 1
001738-000055_1_01_20180724-multires 50985 13250 1
001738-000055_1_01_20180724-multires 50697 14978 1
001738-000055_1_01_20180724-multires 50121 12962 1
001738-000055_1_01_20180724-multires 49833 14978 1
001738-000055_1_01_20180724-multires 50697 15266 1
001738-000055_1_01_20180724-multires 51274 13826 1
001738-000055_1_01_20180724-multires 50409 7489 1
001738-000055_1_01_20180724-multires 52138 11234 1
001738-000055_1_01_20180724-multires 51850 9217 1
001738-000055_1_01_20180724-multires 51850 10946 1
001738-000055_1_01_20180724-multires 51562 10370 1
001738-000055_1_01_20180724-multires 50985 9505 1
001738-000055_1_01_20180724-multires 50697 7201 1
001738-000055_1_01_20180724-multires 50697 15843 1
001738-000055_1_01_20180724-multires 49833 15843 1
001738-000055_1_01_20180724-multires 52138 10081 1
001738-000055_1_01_20180724-multires 51274 9217 1
001738-000055_1_01_20180724-multires 51274 11522 1
001738-000055_1_01_20180724-multires 51274 10370 1
001738-000055_1_01_20180724-multires 50976 11549 1
