001738-000095_1_03_20180822-multires 62745 47379 0
001738-000095_1_03_20180822-multires 58135 53525 0
001738-000095_1_03_20180822-multires 60696 47635 0
001738-000095_1_03_20180822-multires 65306 46098 0
001738-000095_1_03_20180822-multires 61977 42513 0
001738-000095_1_03_20180822-multires 55574 49172 0
001738-000095_1_03_20180822-multires 60440 51989 0
001738-000095_1_03_20180822-multires 56855 51477 0
001738-000095_1_03_20180822-multires 58135 54294 0
001738-000095_1_03_20180822-multires 54038 44818 0
001738-000095_1_03_20180822-multires 57367 49428 0
001738-000095_1_03_20180822-multires 66843 40976 0
001738-000095_1_03_20180822-multires 55318 46355 0
001738-000095_1_03_20180822-multires 59928 46098 0
001738-000095_1_03_20180822-multires 57879 50708 0
001738-000095_1_03_20180822-multires 53013 50452 0
001738-000095_1_03_20180822-multires 53782 53525 0
001738-000095_1_03_20180822-multires 60696 45586 0
001738-000095_1_03_20180822-multires 60184 52245 0
001738-000095_1_03_20180822-multires 62489 44050 0
001738-000095_1_03_20180822-multires 56852 52264 0
001738-000095_1_03_20180822-multires 61524 46539 0
001738-000095_1_03_20180822-multires 53919 45680 0
001738-000095_1_03_20180822-multires 64932 42720 0
001738-000095_1_03_20180822-multires 11878 34860 0
001738-000095_1_03_20180822-multires 56599 29452 1
001738-000095_1_03_20180822-multires 57111 29964 1
001738-000095_1_03_20180822-multires 58135 30220 1
001738-000095_1_03_20180822-multires 56599 30476 1
001738-000095_1_03_20180822-multires 57111 30732 1
001738-000095_1_03_20180822-multires 56343 29708 1
001738-000095_1_03_20180822-multires 57623 30988 1
001738-000095_1_03_20180822-multires 58391 30476 1
001738-000095_1_03_20180822-multires 55830 29708 1
001738-000095_1_03_20180822-multires 56087 29195 1
001738-000095_1_03_20180822-multires 57367 29964 1
001738-000095_1_03_20180822-multires 58391 30732 1
001738-000095_1_03_20180822-multires 57879 30988 1
001738-000095_1_03_20180822-multires 56343 30220 1
001738-000095_1_03_20180822-multires 56087 29452 1
001738-000095_1_03_20180822-multires 56087 29964 1
001738-000095_1_03_20180822-multires 58135 29452 1
001738-000095_1_03_20180822-multires 56087 29708 1
001738-000095_1_03_20180822-multires 57623 30220 1
001738-000095_1_03_20180822-multires 57111 29708 1
001738-000095_1_03_20180822-multires 57166 30047 1
001738-000095_1_03_20180822-multires 45330 21000 2
001738-000095_1_03_20180822-multires 45330 19976 2
001738-000095_1_03_20180822-multires 45074 19976 2
001738-000095_1_03_20180822-multires 52245 9219 2
001738-000095_1_03_20180822-multires 58135 8451 2
001738-000095_1_03_20180822-multires 44562 20232 2
001738-000095_1_03_20180822-multires 52245 8963 2
001738-000095_1_03_20180822-multires 58391 8451 2
001738-000095_1_03_20180822-multires 45842 20488 2
001738-000095_1_03_20180822-multires 45330 19720 2
001738-000095_1_03_20180822-multires 44818 20744 2
001738-000095_1_03_20180822-multires 45074 19720 2
001738-000095_1_03_20180822-multires 52245 9731 2
001738-000095_1_03_20180822-multires 58904 6914 2
001738-000095_1_03_20180822-multires 44562 20744 2
001738-000095_1_03_20180822-multires 45074 21000 2
001738-000095_1_03_20180822-multires 44818 21000 2
001738-000095_1_03_20180822-multires 45842 20232 2
001738-000095_1_03_20180822-multires 44562 19720 2
001738-000095_1_03_20180822-multires 58391 7939 2
001738-000095_1_03_20180822-multires 45784 20382 2
001738-000095_1_03_20180822-multires 45003 20445 2
001738-000095_1_03_20180822-multires 51964 9317 2
001738-000095_1_03_20180822-multires 58220 8185 2
001738-000095_1_03_20180822-multires 58861 7038 2
