001738-000058_1_04_20180724-multires 52135 55592 0
001738-000058_1_04_20180724-multires 52711 54728 0
001738-000058_1_04_20180724-multires 55880 50983 0
001738-000058_1_04_20180724-multires 52423 54728 0
001738-000058_1_04_20180724-multires 53864 51847 0
001738-000058_1_04_20180724-multires 53864 52135 0
001738-000058_1_04_20180724-multires 52711 56168 0
001738-000058_1_04_20180724-multires 56168 51847 0
001738-000058_1_04_20180724-multires 51847 55592 0
001738-000058_1_04_20180724-multires 53000 56168 0
001738-000058_1_04_20180724-multires 53288 54728 0
001738-000058_1_04_20180724-multires 55592 51271 0
001738-000058_1_04_20180724-multires 52711 53864 0
001738-000058_1_04_20180724-multires 55304 51559 0
001738-000058_1_04_20180724-multires 52711 55592 0
001738-000058_1_04_20180724-multires 55016 53000 0
001738-000058_1_04_20180724-multires 54440 51559 0
001738-000058_1_04_20180724-multires 53000 55592 0
001738-000058_1_04_20180724-multires 53000 54728 0
001738-000058_1_04_20180724-multires 53288 55304 0
001738-000058_1_04_20180724-multires 52648 54938 0
001738-000058_1_04_20180724-multires 54854 52176 0
001738-000058_1_04_20180724-multires 27076 27364 1
001738-000058_1_04_20180724-multires 48391 29956 1
001738-000058_1_04_20180724-multires 8641 47527 1
001738-000058_1_04_20180724-multires 10657 53288 1
001738-000058_1_04_20180724-multires 8641 52135 1
001738-000058_1_04_20180724-multires 6336 48391 1
001738-000058_1_04_20180724-multires 8353 49831 1
001738-000058_1_04_20180724-multires 25635 29380 1
001738-000058_1_04_20180724-multires 49543 30532 1
001738-000058_1_04_20180724-multires 7201 48391 1
001738-000058_1_04_20180724-multires 23907 25059 1
001738-000058_1_04_20180724-multires 6048 52135 1
001738-000058_1_04_20180724-multires 9217 42918 1
001738-000058_1_04_20180724-multires 27076 28804 1
001738-000058_1_04_20180724-multires 8929 44358 1
001738-000058_1_04_20180724-multires 10657 44646 1
001738-000058_1_04_20180724-multires 27652 29380 1
001738-000058_1_04_20180724-multires 11233 43782 1
001738-000058_1_04_20180724-multires 25635 28228 1
001738-000058_1_04_20180724-multires 24195 26211 1
001738-000058_1_04_20180724-multires 8025 48283 1
001738-000058_1_04_20180724-multires 47786 31752 1
001738-000058_1_04_20180724-multires 25981 27536 1
001738-000058_1_04_20180724-multires 49543 15266 2
001738-000058_1_04_20180724-multires 48103 17858 2
001738-000058_1_04_20180724-multires 51271 16418 2
001738-000058_1_04_20180724-multires 54728 19298 2
001738-000058_1_04_20180724-multires 49831 16994 2
001738-000058_1_04_20180724-multires 55304 19298 2
001738-000058_1_04_20180724-multires 50119 16994 2
001738-000058_1_04_20180724-multires 48391 15266 2
001738-000058_1_04_20180724-multires 47527 15554 2
001738-000058_1_04_20180724-multires 47239 16130 2
001738-000058_1_04_20180724-multires 48967 16994 2
001738-000058_1_04_20180724-multires 53288 17858 2
001738-000058_1_04_20180724-multires 48679 15266 2
001738-000058_1_04_20180724-multires 54440 15842 2
001738-000058_1_04_20180724-multires 50983 16994 2
001738-000058_1_04_20180724-multires 50983 16706 2
001738-000058_1_04_20180724-multires 53576 17858 2
001738-000058_1_04_20180724-multires 48103 17282 2
001738-000058_1_04_20180724-multires 49831 15266 2
001738-000058_1_04_20180724-multires 48679 16130 2
001738-000058_1_04_20180724-multires 28659 24589 2
001738-000058_1_04_20180724-multires 54605 19188 2
001738-000058_1_04_20180724-multires 50577 16665 2
001738-000058_1_04_20180724-multires 50084 16735 2
001738-000058_1_04_20180724-multires 50487 16242 2
