001738-000193-multires 8643 11524 3
001738-000193-multires 4033 9507 3
001738-000193-multires 8931 11524 3
001738-000193-multires 3169 8355 3
001738-000193-multires 2016 8067 3
001738-000193-multires 13829 10084 3
001738-000193-multires 13541 10084 3
001738-000193-multires 9507 10948 3
001738-000193-multires 2593 10660 3
001738-000193-multires 2016 7491 3
001738-000193-multires 1728 6626 3
001738-000193-multires 4033 10084 3
001738-000193-multires 2881 8355 3
001738-000193-multires 3745 9507 3
001738-000193-multires 9219 11524 3
001738-000193-multires 2881 10372 3
001738-000193-multires 9219 11236 3
001738-000193-multires 8931 11812 3
001738-000193-multires 8931 10372 3
001738-000193-multires 8643 11236 3
001738-000193-multires 7542 11207 3
001738-000193-multires 4997 11196 3
001738-000193-multires 9069 11196 3
001738-000193-multires 2909 10431 3
001738-000193-multires 13667 10153 3
001738-000193-multires 4357 9866 3
001738-000193-multires 2905 8374 3
001738-000193-multires 1972 7762 3
001738-000193-multires 3316 7607 3
001738-000193-multires 1858 6525 3
001738-000193-multires 4459 6274 3
001738-000193-multires 2016 8355 4
001738-000193-multires 5762 11524 4
001738-000193-multires 4609 864 4
001738-000193-multires 4033 864 4
001738-000193-multires 2304 7491 4
001738-000193-multires 4321 864 4
001738-000193-multires 4033 576 4
001738-000193-multires 5474 1152 4
001738-000193-multires 2304 7202 4
001738-000193-multires 2593 7779 4
001738-000193-multires 2016 7202 4
001738-000193-multires 2881 7491 4
001738-000193-multires 4321 1728 4
001738-000193-multires 4609 1152 4
001738-000193-multires 4321 1152 4
001738-000193-multires 2593 8067 4
001738-000193-multires 4033 1152 4
001738-000193-multires 3745 9219 4
001738-000193-multires 2881 7779 4
001738-000193-multires 5186 864 4
001738-000193-multires 9075 12341 4
001738-000193-multires 9619 11892 4
001738-000193-multires 5636 11485 4
001738-000193-multires 4345 11044 4
001738-000193-multires 7868 11223 4
001738-000193-multires 8309 11451 4
001738-000193-multires 4526 10762 4
001738-000193-multires 7571 10769 4
001738-000193-multires 14215 10439 4
001738-000193-multires 2348 10327 4
001738-000193-multires 8691 10308 4
001738-000193-multires 9718 10478 4
001738-000193-multires 3365 10105 4
001738-000193-multires 9172 9975 4
001738-000193-multires 13909 9860 4
001738-000193-multires 2715 9878 4
001738-000193-multires 5239 9975 4
001738-000193-multires 13249 9979 4
001738-000193-multires 3274 9507 4
001738-000193-multires 4191 9310 4
001738-000193-multires 2803 8703 4
001738-000193-multires 3743 8212 4
001738-000193-multires 2438 7523 4
001738-000193-multires 4953 6686 4
001738-000193-multires 1416 6482 4
001738-000193-multires 2009 6469 4
001738-000193-multires 3767 5901 4
001738-000193-multires 4259 1069 4
001738-000193-multires 5307 899 4
