001738-000110_1_18_20180822-multires 49429 5378 0
001738-000110_1_18_20180822-multires 61722 4097 0
001738-000110_1_18_20180822-multires 49173 4866 0
001738-000110_1_18_20180822-multires 39953 18696 0
001738-000110_1_18_20180822-multires 40209 18952 0
001738-000110_1_18_20180822-multires 61722 54807 0
001738-000110_1_18_20180822-multires 64795 7683 0
001738-000110_1_18_20180822-multires 58905 56856 0
001738-000110_1_18_20180822-multires 46612 4609 0
001738-000110_1_18_20180822-multires 62490 4353 0
001738-000110_1_18_20180822-multires 58905 56344 0
001738-000110_1_18_20180822-multires 40721 19208 0
001738-000110_1_18_20180822-multires 63003 5634 0
001738-000110_1_18_20180822-multires 60185 1792 0
001738-000110_1_18_20180822-multires 61210 55319 0
001738-000110_1_18_20180822-multires 49941 4866 0
001738-000110_1_18_20180822-multires 48660 4353 0
001738-000110_1_18_20180822-multires 59929 2304 0
001738-000110_1_18_20180822-multires 49685 5378 0
001738-000110_1_18_20180822-multires 61210 2817 0
001738-000110_1_18_20180822-multires 58977 56244 0
001738-000110_1_18_20180822-multires 61430 54998 0
001738-000110_1_18_20180822-multires 40655 19047 0
001738-000110_1_18_20180822-multires 48299 5134 0
001738-000110_1_18_20180822-multires 62707 5037 0
001738-000110_1_18_20180822-multires 25610 29708 2
001738-000110_1_18_20180822-multires 25610 29964 2
001738-000110_1_18_20180822-multires 23818 33806 2
001738-000110_1_18_20180822-multires 25354 29708 2
001738-000110_1_18_20180822-multires 24074 29196 2
001738-000110_1_18_20180822-multires 25098 29196 2
001738-000110_1_18_20180822-multires 24842 28940 2
001738-000110_1_18_20180822-multires 23562 29708 2
001738-000110_1_18_20180822-multires 23818 33294 2
001738-000110_1_18_20180822-multires 23818 29452 2
001738-000110_1_18_20180822-multires 23818 33038 2
001738-000110_1_18_20180822-multires 23562 29964 2
001738-000110_1_18_20180822-multires 24842 29196 2
001738-000110_1_18_20180822-multires 23818 29196 2
001738-000110_1_18_20180822-multires 23818 29708 2
001738-000110_1_18_20180822-multires 24842 28684 2
001738-000110_1_18_20180822-multires 23818 34062 2
001738-000110_1_18_20180822-multires 24074 29964 2
001738-000110_1_18_20180822-multires 25098 29452 2
001738-000110_1_18_20180822-multires 25098 28940 2
001738-000110_1_18_20180822-multires 22718 35466 2
001738-000110_1_18_20180822-multires 23810 33585 2
001738-000110_1_18_20180822-multires 24148 31888 2
001738-000110_1_18_20180822-multires 22628 31774 2
001738-000110_1_18_20180822-multires 23826 29654 2
001738-000110_1_18_20180822-multires 24232 29067 2
001738-000110_1_18_20180822-multires 25163 29336 2
