001738-000066_1_03_20180731-multires 51850 28805 0
001738-000066_1_03_20180731-multires 53002 29381 0
001738-000066_1_03_20180731-multires 52138 30245 0
001738-000066_1_03_20180731-multires 53290 27941 0
001738-000066_1_03_20180731-multires 51850 29093 0
001738-000066_1_03_20180731-multires 52714 27653 0
001738-000066_1_03_20180731-multires 53290 27077 0
001738-000066_1_03_20180731-multires 54154 28517 0
001738-000066_1_03_20180731-multires 60779 35430 0
001738-000066_1_03_20180731-multires 54442 30534 0
001738-000066_1_03_20180731-multires 52426 27653 0
001738-000066_1_03_20180731-multires 52426 27365 0
001738-000066_1_03_20180731-multires 54154 30534 0
001738-000066_1_03_20180731-multires 53866 26789 0
001738-000066_1_03_20180731-multires 51850 29957 0
001738-000066_1_03_20180731-multires 53290 26789 0
001738-000066_1_03_20180731-multires 52138 27365 0
001738-000066_1_03_20180731-multires 51562 29381 0
001738-000066_1_03_20180731-multires 52714 29957 0
001738-000066_1_03_20180731-multires 53578 28805 0
001738-000066_1_03_20180731-multires 60497 35193 0
001738-000066_1_03_20180731-multires 53125 28793 0
001738-000066_1_03_20180731-multires 5761 32262 1
001738-000066_1_03_20180731-multires 7201 29669 1
001738-000066_1_03_20180731-multires 6049 36007 1
001738-000066_1_03_20180731-multires 4032 32550 1
001738-000066_1_03_20180731-multires 7201 36295 1
001738-000066_1_03_20180731-multires 5473 37159 1
001738-000066_1_03_20180731-multires 6049 38023 1
001738-000066_1_03_20180731-multires 7201 36007 1
001738-000066_1_03_20180731-multires 4608 32838 1
001738-000066_1_03_20180731-multires 7489 37447 1
001738-000066_1_03_20180731-multires 8929 34854 1
001738-000066_1_03_20180731-multires 6049 30245 1
001738-000066_1_03_20180731-multires 6625 35719 1
001738-000066_1_03_20180731-multires 4896 32550 1
001738-000066_1_03_20180731-multires 6913 28517 1
001738-000066_1_03_20180731-multires 6625 29957 1
001738-000066_1_03_20180731-multires 6913 31398 1
001738-000066_1_03_20180731-multires 6049 31110 1
001738-000066_1_03_20180731-multires 5761 36583 1
001738-000066_1_03_20180731-multires 4608 31686 1
001738-000066_1_03_20180731-multires 6796 36402 1
001738-000066_1_03_20180731-multires 6481 36583 1
001738-000066_1_03_20180731-multires 6513 36391 1
001738-000066_1_03_20180731-multires 9698 34220 1
001738-000066_1_03_20180731-multires 6096 30934 1
