001738-000126-multires 34859 14404 1
001738-000126-multires 29385 16421 1
001738-000126-multires 26504 20742 1
001738-000126-multires 26792 21030 1
001738-000126-multires 32842 30249 1
001738-000126-multires 28233 19302 1
001738-000126-multires 30249 18149 1
001738-000126-multires 25928 29961 1
001738-000126-multires 26504 21607 1
001738-000126-multires 27368 16709 1
001738-000126-multires 25928 19590 1
001738-000126-multires 28521 16421 1
001738-000126-multires 30537 17861 1
001738-000126-multires 30825 15557 1
001738-000126-multires 35723 14692 1
001738-000126-multires 25928 27945 1
001738-000126-multires 26792 27368 1
001738-000126-multires 33706 16421 1
001738-000126-multires 30537 16133 1
001738-000126-multires 32842 29385 1
001738-000126-multires 32731 30103 1
001738-000126-multires 26460 29985 1
001738-000126-multires 25822 27662 1
001738-000126-multires 26276 20167 1
001738-000126-multires 29702 16830 1
001738-000126-multires 34746 14624 1
