001738-000106_1_14_20180822-multires 55315 8963 0
001738-000106_1_14_20180822-multires 54547 10243 0
001738-000106_1_14_20180822-multires 53778 8450 0
001738-000106_1_14_20180822-multires 53522 8194 0
001738-000106_1_14_20180822-multires 53522 7170 0
001738-000106_1_14_20180822-multires 54034 8707 0
001738-000106_1_14_20180822-multires 54547 10499 0
001738-000106_1_14_20180822-multires 53266 8963 0
001738-000106_1_14_20180822-multires 54547 9987 0
001738-000106_1_14_20180822-multires 53778 6914 0
001738-000106_1_14_20180822-multires 53778 7170 0
001738-000106_1_14_20180822-multires 55059 10243 0
001738-000106_1_14_20180822-multires 54034 7170 0
001738-000106_1_14_20180822-multires 55059 10755 0
001738-000106_1_14_20180822-multires 53522 6914 0
001738-000106_1_14_20180822-multires 55315 9731 0
001738-000106_1_14_20180822-multires 53778 7682 0
001738-000106_1_14_20180822-multires 54803 9475 0
001738-000106_1_14_20180822-multires 53778 8707 0
001738-000106_1_14_20180822-multires 54803 10243 0
001738-000106_1_14_20180822-multires 54875 10007 0
001738-000106_1_14_20180822-multires 53598 7769 0
001738-000106_1_14_20180822-multires 21255 25096 1
001738-000106_1_14_20180822-multires 24328 43791 1
001738-000106_1_14_20180822-multires 22535 25608 1
001738-000106_1_14_20180822-multires 28682 22535 1
001738-000106_1_14_20180822-multires 25352 35852 1
001738-000106_1_14_20180822-multires 27913 32779 1
001738-000106_1_14_20180822-multires 28169 23816 1
001738-000106_1_14_20180822-multires 19718 42254 1
001738-000106_1_14_20180822-multires 27145 32779 1
001738-000106_1_14_20180822-multires 15365 32523 1
001738-000106_1_14_20180822-multires 17414 29450 1
001738-000106_1_14_20180822-multires 12804 29962 1
001738-000106_1_14_20180822-multires 28938 34315 1
001738-000106_1_14_20180822-multires 19718 24584 1
001738-000106_1_14_20180822-multires 29450 38669 1
001738-000106_1_14_20180822-multires 23048 41742 1
001738-000106_1_14_20180822-multires 35852 36620 1
001738-000106_1_14_20180822-multires 33291 38925 1
001738-000106_1_14_20180822-multires 30474 33291 1
001738-000106_1_14_20180822-multires 18182 23816 1
001738-000106_1_14_20180822-multires 26181 43023 1
001738-000106_1_14_20180822-multires 24106 41275 1
001738-000106_1_14_20180822-multires 19046 40823 1
001738-000106_1_14_20180822-multires 31256 36411 1
001738-000106_1_14_20180822-multires 32060 37478 1
001738-000106_1_14_20180822-multires 14714 30712 1
001738-000106_1_14_20180822-multires 24641 24205 1
001738-000106_1_14_20180822-multires 18044 24830 1
001738-000106_1_14_20180822-multires 29209 22722 1
001738-000106_1_14_20180822-multires 27488 22884 1
