001738-000119-multires 10369 21315 1
001738-000119-multires 9793 21892 1
001738-000119-multires 10369 22180 1
001738-000119-multires 28229 20739 1
001738-000119-multires 29381 20739 1
001738-000119-multires 9505 22756 1
001738-000119-multires 29093 21315 1
001738-000119-multires 28805 21027 1
001738-000119-multires 10369 21603 1
001738-000119-multires 29093 20739 1
001738-000119-multires 28517 21603 1
001738-000119-multires 29381 21027 1
001738-000119-multires 9217 22468 1
001738-000119-multires 10369 21027 1
001738-000119-multires 28805 21315 1
001738-000119-multires 28229 21315 1
001738-000119-multires 10369 21892 1
001738-000119-multires 9505 22468 1
001738-000119-multires 10081 22180 1
001738-000119-multires 10081 21892 1
001738-000119-multires 10093 21819 1
001738-000119-multires 28640 21052 1
001738-000119-multires 21315 16995 2
001738-000119-multires 21315 15554 2
001738-000119-multires 16995 14402 2
001738-000119-multires 19299 15266 2
001738-000119-multires 21315 24772 2
001738-000119-multires 26500 17859 2
001738-000119-multires 22180 15842 2
001738-000119-multires 12098 21027 2
001738-000119-multires 21027 16130 2
001738-000119-multires 21315 15266 2
001738-000119-multires 19875 15842 2
001738-000119-multires 23332 23908 2
001738-000119-multires 20451 15842 2
001738-000119-multires 21603 16419 2
001738-000119-multires 20739 25348 2
001738-000119-multires 12674 20739 2
001738-000119-multires 23332 24484 2
001738-000119-multires 21027 15266 2
001738-000119-multires 24772 17283 2
001738-000119-multires 20163 17571 2
001738-000119-multires 20783 25507 2
001738-000119-multires 22235 24873 2
001738-000119-multires 21528 24589 2
001738-000119-multires 23442 24519 2
001738-000119-multires 20890 24236 2
001738-000119-multires 12377 22734 2
001738-000119-multires 12233 21159 2
001738-000119-multires 25953 17591 2
001738-000119-multires 20955 16074 2
001738-000119-multires 17412 14537 2
