001738-000001_01_20180504-multires 23298 54534 0
001738-000001_01_20180504-multires 22530 54278 0
001738-000001_01_20180504-multires 21762 55814 0
001738-000001_01_20180504-multires 22018 56070 0
001738-000001_01_20180504-multires 22786 54278 0
001738-000001_01_20180504-multires 19714 55302 0
001738-000001_01_20180504-multires 19202 56070 0
001738-000001_01_20180504-multires 20994 56582 0
001738-000001_01_20180504-multires 19458 54534 0
001738-000001_01_20180504-multires 21506 54022 0
001738-000001_01_20180504-multires 20738 56326 0
001738-000001_01_20180504-multires 21506 54534 0
001738-000001_01_20180504-multires 19970 55046 0
001738-000001_01_20180504-multires 19714 55558 0
001738-000001_01_20180504-multires 20226 56326 0
001738-000001_01_20180504-multires 21506 56070 0
001738-000001_01_20180504-multires 18178 55814 0
001738-000001_01_20180504-multires 18178 56326 0
001738-000001_01_20180504-multires 19202 54534 0
001738-000001_01_20180504-multires 22274 55814 0
001738-000001_01_20180504-multires 20507 55041 0
