001738-000124-multires 81253 6664 0
001738-000124-multires 80484 7433 0
001738-000124-multires 80997 6408 0
001738-000124-multires 80997 6664 0
001738-000124-multires 81253 6151 0
001738-000124-multires 80228 7945 0
001738-000124-multires 80741 7176 0
001738-000124-multires 81253 6408 0
001738-000124-multires 80484 7945 0
001738-000124-multires 80484 7689 0
001738-000124-multires 80741 7433 0
001738-000124-multires 80741 6664 0
001738-000124-multires 80997 6920 0
001738-000124-multires 80741 7689 0
001738-000124-multires 80741 6920 0
001738-000124-multires 81510 6151 0
001738-000124-multires 80824 7022 0
001738-000124-multires 7176 10252 1
001738-000124-multires 6408 9996 1
001738-000124-multires 7176 10509 1
001738-000124-multires 6920 10252 1
001738-000124-multires 6920 9996 1
001738-000124-multires 6920 10765 1
001738-000124-multires 6408 10509 1
001738-000124-multires 7176 9996 1
001738-000124-multires 6920 11278 1
001738-000124-multires 6920 11021 1
001738-000124-multires 6920 10509 1
001738-000124-multires 6408 10765 1
001738-000124-multires 6408 10252 1
001738-000124-multires 6936 10573 1
001738-000124-multires 6332 10436 1
