001738-000275-multires 70561 6624 0
001738-000275-multires 71425 1728 0
001738-000275-multires 72001 11232 0
001738-000275-multires 61057 2016 0
001738-000275-multires 68545 9504 0
001738-000275-multires 71713 5472 0
001738-000275-multires 66817 8928 0
001738-000275-multires 69121 6912 0
001738-000275-multires 58465 6912 0
001738-000275-multires 72577 6912 0
001738-000275-multires 57889 10080 0
001738-000275-multires 64513 2304 0
001738-000275-multires 67969 7488 0
001738-000275-multires 68833 5184 0
001738-000275-multires 68545 11808 0
001738-000275-multires 70273 8064 0
001738-000275-multires 59329 4032 0
001738-000275-multires 69409 12096 0
001738-000275-multires 66529 10368 0
001738-000275-multires 59329 4320 0
001738-000275-multires 66725 6051 0
001738-000275-multires 46944 51552 3
001738-000275-multires 46368 52992 3
001738-000275-multires 50976 40608 3
001738-000275-multires 54720 41472 3
001738-000275-multires 52128 41760 3
001738-000275-multires 50112 40032 3
001738-000275-multires 50400 42912 3
001738-000275-multires 46080 52704 3
001738-000275-multires 54432 42048 3
001738-000275-multires 47232 51840 3
001738-000275-multires 58465 45216 3
001738-000275-multires 51840 41184 3
001738-000275-multires 46368 51840 3
001738-000275-multires 46944 52992 3
001738-000275-multires 50112 41760 3
001738-000275-multires 47232 52992 3
001738-000275-multires 23904 30816 3
001738-000275-multires 46080 52416 3
001738-000275-multires 47232 52128 3
001738-000275-multires 46656 52704 3
001738-000275-multires 46824 52251 3
001738-000275-multires 60436 48781 3
001738-000275-multires 61919 47642 3
001738-000275-multires 56561 47241 3
001738-000275-multires 62365 47217 3
001738-000275-multires 56866 46837 3
001738-000275-multires 56929 46336 3
001738-000275-multires 54174 46160 3
001738-000275-multires 46231 46570 3
001738-000275-multires 59377 45200 3
001738-000275-multires 58446 45161 3
001738-000275-multires 60174 44619 3
001738-000275-multires 59645 44503 3
001738-000275-multires 50142 44761 3
001738-000275-multires 59528 44105 3
001738-000275-multires 50489 43787 3
001738-000275-multires 51352 43752 3
001738-000275-multires 50707 42923 3
001738-000275-multires 50641 41880 3
001738-000275-multires 50137 41933 3
001738-000275-multires 51172 41737 3
001738-000275-multires 54514 41804 3
001738-000275-multires 52009 41636 3
001738-000275-multires 53899 40801 3
001738-000275-multires 50521 40573 3
001738-000275-multires 19544 34915 3
001738-000275-multires 23108 34632 3
001738-000275-multires 18570 34427 3
001738-000275-multires 18875 34171 3
001738-000275-multires 23825 34024 3
001738-000275-multires 24143 33944 3
001738-000275-multires 24834 33628 3
001738-000275-multires 20089 33350 3
001738-000275-multires 40672 33184 3
001738-000275-multires 23719 33469 3
001738-000275-multires 41115 33083 3
001738-000275-multires 22877 33093 3
001738-000275-multires 41594 33018 3
001738-000275-multires 41229 32973 3
001738-000275-multires 41385 32766 3
001738-000275-multires 24514 32299 3
001738-000275-multires 20357 31077 3
001738-000275-multires 27429 31033 3
001738-000275-multires 20628 30927 3
001738-000275-multires 23917 30848 3
001738-000275-multires 24232 30538 3
001738-000275-multires 26789 30491 3
001738-000275-multires 22032 30480 3
001738-000275-multires 23101 30406 3
001738-000275-multires 27026 30371 3
001738-000275-multires 22477 30323 3
001738-000275-multires 22702 30023 3
001738-000275-multires 27760 29851 3
001738-000275-multires 22944 29888 3
001738-000275-multires 22775 29719 3
001738-000275-multires 27841 29620 3
001738-000275-multires 28297 29438 3
001738-000275-multires 28506 29429 3
001738-000275-multires 27849 29373 3
001738-000275-multires 19675 29339 3
001738-000275-multires 28101 28945 3
001738-000275-multires 28402 28808 3
001738-000275-multires 27642 27598 3
001738-000275-multires 28263 27466 3
001738-000275-multires 27565 27312 3
001738-000275-multires 27488 27120 3
001738-000275-multires 27764 27040 3
001738-000275-multires 33317 26363 3
001738-000275-multires 30725 25765 3
001738-000275-multires 28704 25440 3
001738-000275-multires 34703 25405 3
001738-000275-multires 31584 25213 3
001738-000275-multires 34878 25193 3
001738-000275-multires 30784 25200 3
001738-000275-multires 35408 25051 3
001738-000275-multires 31682 25027 3
001738-000275-multires 31110 24979 3
001738-000275-multires 34435 24877 3
001738-000275-multires 31124 24578 3
001738-000275-multires 31222 24349 3
001738-000275-multires 17397 24483 3
001738-000275-multires 35852 23678 3
001738-000275-multires 35296 23552 3
001738-000275-multires 36069 23461 3
001738-000275-multires 39910 23439 3
001738-000275-multires 40105 23390 3
001738-000275-multires 39370 23254 3
001738-000275-multires 40176 23148 3
001738-000275-multires 39693 23101 3
001738-000275-multires 36834 23031 3
001738-000275-multires 39713 22872 3
001738-000275-multires 40347 22789 3
001738-000275-multires 40160 22776 3
001738-000275-multires 36155 22651 3
001738-000275-multires 36836 22697 3
001738-000275-multires 40355 22604 3
001738-000275-multires 39113 22466 3
001738-000275-multires 37143 22528 3
001738-000275-multires 41018 22304 3
001738-000275-multires 35952 22096 3
001738-000275-multires 37974 22137 3
001738-000275-multires 37792 22032 3
001738-000275-multires 38777 21923 3
001738-000275-multires 36254 21936 3
001738-000275-multires 37862 21819 3
001738-000275-multires 38843 21723 3
001738-000275-multires 39019 21418 3
001738-000275-multires 44793 17488 3
001738-000275-multires 44309 17331 3
001738-000275-multires 55296 29952 4
001738-000275-multires 22464 47808 4
001738-000275-multires 29952 37728 4
001738-000275-multires 45792 51552 4
001738-000275-multires 55584 31968 4
001738-000275-multires 39744 30240 4
001738-000275-multires 55872 32544 4
001738-000275-multires 31968 37728 4
001738-000275-multires 50688 38592 4
001738-000275-multires 43200 26496 4
001738-000275-multires 42048 27360 4
001738-000275-multires 24192 48672 4
001738-000275-multires 33696 36000 4
001738-000275-multires 40608 23328 4
001738-000275-multires 46944 33984 4
001738-000275-multires 49824 39744 4
001738-000275-multires 25632 42912 4
001738-000275-multires 47808 52704 4
001738-000275-multires 33696 35712 4
001738-000275-multires 50400 38592 4
001738-000275-multires 45737 52667 4
001738-000275-multires 47890 52170 4
001738-000275-multires 23620 47746 4
001738-000275-multires 51547 43824 4
001738-000275-multires 50902 43844 4
001738-000275-multires 49745 45003 4
001738-000275-multires 25191 43067 4
001738-000275-multires 50965 42506 4
001738-000275-multires 53898 42273 4
001738-000275-multires 49684 41947 4
001738-000275-multires 50264 41481 4
001738-000275-multires 54916 41920 4
001738-000275-multires 52280 41168 4
001738-000275-multires 50645 41012 4
001738-000275-multires 54382 41261 4
001738-000275-multires 53628 40969 4
001738-000275-multires 54089 40492 4
001738-000275-multires 51452 41646 4
001738-000275-multires 51175 41691 4
001738-000275-multires 55514 40019 4
001738-000275-multires 49867 40035 4
001738-000275-multires 48504 40025 4
001738-000275-multires 51039 38637 4
001738-000275-multires 56042 38250 4
001738-000275-multires 30175 38316 4
001738-000275-multires 57410 37043 4
001738-000275-multires 48977 37458 4
001738-000275-multires 32715 36469 4
001738-000275-multires 39596 34241 4
001738-000275-multires 46665 35400 4
001738-000275-multires 41066 34995 4
001738-000275-multires 40475 33441 4
001738-000275-multires 55472 31334 4
001738-000275-multires 39492 31120 4
001738-000275-multires 41965 25830 4
001738-000275-multires 40464 23663 4
001738-000275-multires 43379 19953 4
001738-000275-multires 43545 19813 4
001738-000275-multires 43576 19578 4
001738-000275-multires 40084 19905 4
