001738-000117-multires 45799 12097 0
001738-000117-multires 46375 12674 0
001738-000117-multires 45223 12097 0
001738-000117-multires 45223 12962 0
001738-000117-multires 45799 12674 0
001738-000117-multires 48679 12674 0
001738-000117-multires 48103 12097 0
001738-000117-multires 45511 12962 0
001738-000117-multires 46087 12385 0
001738-000117-multires 45511 12097 0
001738-000117-multires 45799 12385 0
001738-000117-multires 48391 14114 0
001738-000117-multires 47815 13538 0
001738-000117-multires 48103 13250 0
001738-000117-multires 48679 12385 0
001738-000117-multires 47815 12962 0
001738-000117-multires 48103 13826 0
001738-000117-multires 45223 12674 0
001738-000117-multires 47527 12962 0
001738-000117-multires 48103 12962 0
001738-000117-multires 45629 12482 0
001738-000117-multires 48211 13010 0
001738-000117-multires 48103 38598 1
001738-000117-multires 50408 38310 1
001738-000117-multires 55016 24483 1
001738-000117-multires 48391 30532 1
001738-000117-multires 55016 24195 1
001738-000117-multires 54440 23907 1
001738-000117-multires 47815 39174 1
001738-000117-multires 50696 38886 1
001738-000117-multires 50408 38022 1
001738-000117-multires 54728 25348 1
001738-000117-multires 50984 38886 1
001738-000117-multires 50984 38310 1
001738-000117-multires 55592 24771 1
001738-000117-multires 48103 39174 1
001738-000117-multires 48103 29956 1
001738-000117-multires 50696 38310 1
001738-000117-multires 51272 38886 1
001738-000117-multires 48967 39174 1
001738-000117-multires 55304 25636 1
001738-000117-multires 49255 39174 1
001738-000117-multires 48493 39308 1
001738-000117-multires 50834 38576 1
001738-000117-multires 38157 31716 1
001738-000117-multires 48533 30128 1
001738-000117-multires 51382 29600 1
001738-000117-multires 52247 29221 1
001738-000117-multires 54521 24782 1
