001738-000221-multires 33133 25066 3
001738-000221-multires 41777 18727 3
001738-000221-multires 41489 22761 3
001738-000221-multires 45811 11524 3
001738-000221-multires 41777 17287 3
001738-000221-multires 39472 14406 3
001738-000221-multires 31981 25354 3
001738-000221-multires 39472 21897 3
001738-000221-multires 45811 16999 3
001738-000221-multires 49844 10660 3
001738-000221-multires 43218 33710 3
001738-000221-multires 50421 10084 3
001738-000221-multires 40336 14406 3
001738-000221-multires 42065 34862 3
001738-000221-multires 30540 24778 3
001738-000221-multires 42353 35150 3
001738-000221-multires 40336 20168 3
001738-000221-multires 37167 25354 3
001738-000221-multires 39472 13541 3
001738-000221-multires 37167 25642 3
001738-000221-multires 43592 34978 3
001738-000221-multires 42387 34771 3
001738-000221-multires 43101 33642 3
001738-000221-multires 43826 29329 3
001738-000221-multires 33509 28826 3
001738-000221-multires 32588 26613 3
001738-000221-multires 30612 27305 3
001738-000221-multires 32990 25717 3
001738-000221-multires 36431 25781 3
001738-000221-multires 32453 25234 3
001738-000221-multires 33988 23824 3
001738-000221-multires 31153 24757 3
001738-000221-multires 21982 22909 3
001738-000221-multires 33553 22540 3
001738-000221-multires 41241 22841 3
001738-000221-multires 34052 22410 3
001738-000221-multires 33103 22406 3
001738-000221-multires 20682 22596 3
001738-000221-multires 34910 22089 3
001738-000221-multires 18863 22471 3
001738-000221-multires 34597 21875 3
001738-000221-multires 38904 22563 3
001738-000221-multires 41965 19948 3
001738-000221-multires 42156 19811 3
001738-000221-multires 42231 19520 3
001738-000221-multires 40616 19659 3
001738-000221-multires 40465 18696 3
001738-000221-multires 42232 18038 3
001738-000221-multires 45635 16426 3
001738-000221-multires 57879 15900 3
001738-000221-multires 44035 15097 3
001738-000221-multires 45348 14222 3
001738-000221-multires 41017 13751 3
001738-000221-multires 42957 13946 3
001738-000221-multires 40830 13409 3
001738-000221-multires 39761 14570 3
001738-000221-multires 43857 13197 3
001738-000221-multires 42164 12915 3
001738-000221-multires 45645 11897 3
001738-000221-multires 44510 11619 3
001738-000221-multires 44146 10436 3
001738-000221-multires 50431 10526 3
001738-000221-multires 54352 10223 3
001738-000221-multires 40625 32269 4
001738-000221-multires 57048 15846 4
001738-000221-multires 43218 34286 4
001738-000221-multires 43794 34574 4
001738-000221-multires 31405 25642 4
001738-000221-multires 39760 31981 4
001738-000221-multires 42930 33998 4
001738-000221-multires 40048 32269 4
001738-000221-multires 20744 21609 4
001738-000221-multires 32557 26219 4
001738-000221-multires 39760 32269 4
001738-000221-multires 36879 25642 4
001738-000221-multires 45235 11236 4
001738-000221-multires 39760 32557 4
001738-000221-multires 40048 32557 4
001738-000221-multires 42065 14982 4
001738-000221-multires 21032 22185 4
001738-000221-multires 20456 21897 4
001738-000221-multires 21032 21897 4
001738-000221-multires 19016 21897 4
001738-000221-multires 43737 40118 4
001738-000221-multires 43633 38608 4
001738-000221-multires 42025 37575 4
001738-000221-multires 42908 35365 4
001738-000221-multires 43406 34201 4
001738-000221-multires 43042 33422 4
001738-000221-multires 39874 32361 4
001738-000221-multires 32785 29582 4
001738-000221-multires 43598 29508 4
001738-000221-multires 44123 28997 4
001738-000221-multires 42111 29187 4
001738-000221-multires 42579 28460 4
001738-000221-multires 33856 28214 4
001738-000221-multires 42493 28042 4
001738-000221-multires 31333 27591 4
001738-000221-multires 35457 26805 4
001738-000221-multires 36463 26411 4
001738-000221-multires 29994 26443 4
001738-000221-multires 31273 26606 4
001738-000221-multires 37349 26266 4
001738-000221-multires 30094 27429 4
001738-000221-multires 38038 25706 4
001738-000221-multires 34941 25675 4
001738-000221-multires 36817 25538 4
001738-000221-multires 36445 25600 4
001738-000221-multires 35660 25184 4
001738-000221-multires 36881 25113 4
001738-000221-multires 31887 24897 4
001738-000221-multires 30060 25301 4
001738-000221-multires 32989 24649 4
001738-000221-multires 37391 24563 4
001738-000221-multires 32285 26166 4
001738-000221-multires 31461 23603 4
001738-000221-multires 19621 23007 4
001738-000221-multires 41891 22272 4
001738-000221-multires 38728 22944 4
001738-000221-multires 39422 21502 4
001738-000221-multires 20726 21871 4
001738-000221-multires 19063 21740 4
001738-000221-multires 39899 20366 4
001738-000221-multires 41263 19434 4
001738-000221-multires 43682 18123 4
001738-000221-multires 57416 17511 4
001738-000221-multires 44104 17145 4
001738-000221-multires 42589 17079 4
001738-000221-multires 44636 16233 4
001738-000221-multires 45739 17049 4
001738-000221-multires 44826 15839 4
001738-000221-multires 40042 16288 4
001738-000221-multires 45390 14926 4
001738-000221-multires 43528 14956 4
001738-000221-multires 58776 15014 4
001738-000221-multires 42167 14893 4
001738-000221-multires 44464 15100 4
001738-000221-multires 40917 15056 4
001738-000221-multires 58325 14263 4
001738-000221-multires 57113 15790 4
001738-000221-multires 43329 14376 4
001738-000221-multires 44742 14003 4
001738-000221-multires 41385 13807 4
001738-000221-multires 42215 13761 4
001738-000221-multires 45046 13622 4
001738-000221-multires 41174 13483 4
001738-000221-multires 42082 13434 4
001738-000221-multires 40620 13386 4
001738-000221-multires 38873 13397 4
001738-000221-multires 44290 13169 4
001738-000221-multires 43957 12847 4
001738-000221-multires 41361 12725 4
001738-000221-multires 41729 12485 4
001738-000221-multires 43070 12351 4
001738-000221-multires 45299 12117 4
001738-000221-multires 45662 12643 4
001738-000221-multires 44008 11720 4
001738-000221-multires 50309 11207 4
001738-000221-multires 45357 11074 4
001738-000221-multires 45145 11108 4
001738-000221-multires 54662 11031 4
001738-000221-multires 44738 10872 4
001738-000221-multires 44184 10813 4
001738-000221-multires 51248 10517 4
001738-000221-multires 49586 10317 4
001738-000221-multires 44094 9989 4
001738-000221-multires 50539 9694 4
001738-000221-multires 53727 9630 4
001738-000221-multires 54553 9415 4
