001738-000072_1_09_20180731-multires 73754 30218 0
001738-000072_1_09_20180731-multires 73498 30987 0
001738-000072_1_09_20180731-multires 72218 29194 0
001738-000072_1_09_20180731-multires 74267 31243 0
001738-000072_1_09_20180731-multires 75035 32011 0
001738-000072_1_09_20180731-multires 73498 30731 0
001738-000072_1_09_20180731-multires 71962 29194 0
001738-000072_1_09_20180731-multires 74523 32011 0
001738-000072_1_09_20180731-multires 73242 29706 0
001738-000072_1_09_20180731-multires 72730 29962 0
001738-000072_1_09_20180731-multires 75291 31755 0
001738-000072_1_09_20180731-multires 75291 32011 0
001738-000072_1_09_20180731-multires 74010 31243 0
001738-000072_1_09_20180731-multires 73498 31499 0
001738-000072_1_09_20180731-multires 73498 31243 0
001738-000072_1_09_20180731-multires 73754 31243 0
001738-000072_1_09_20180731-multires 73242 29450 0
001738-000072_1_09_20180731-multires 72986 30475 0
001738-000072_1_09_20180731-multires 75291 32267 0
001738-000072_1_09_20180731-multires 74779 31243 0
001738-000072_1_09_20180731-multires 73572 30619 0
001738-000072_1_09_20180731-multires 11780 27145 1
001738-000072_1_09_20180731-multires 8963 29194 1
001738-000072_1_09_20180731-multires 10499 28426 1
001738-000072_1_09_20180731-multires 9219 28170 1
001738-000072_1_09_20180731-multires 7170 30218 1
001738-000072_1_09_20180731-multires 9987 26377 1
001738-000072_1_09_20180731-multires 10243 26121 1
001738-000072_1_09_20180731-multires 10243 27658 1
001738-000072_1_09_20180731-multires 9475 25097 1
001738-000072_1_09_20180731-multires 10755 27914 1
001738-000072_1_09_20180731-multires 7938 29962 1
001738-000072_1_09_20180731-multires 8194 29194 1
001738-000072_1_09_20180731-multires 11524 27914 1
001738-000072_1_09_20180731-multires 8451 24584 1
001738-000072_1_09_20180731-multires 8963 24584 1
001738-000072_1_09_20180731-multires 8963 28682 1
001738-000072_1_09_20180731-multires 9219 26121 1
001738-000072_1_09_20180731-multires 7938 29194 1
001738-000072_1_09_20180731-multires 10499 28170 1
001738-000072_1_09_20180731-multires 10755 28426 1
001738-000072_1_09_20180731-multires 9519 27574 1
