001738-000063_1_09_20180724-multires 57312 14976 1
001738-000063_1_09_20180724-multires 51552 6048 1
001738-000063_1_09_20180724-multires 59328 15552 1
001738-000063_1_09_20180724-multires 59904 16992 1
001738-000063_1_09_20180724-multires 59616 16416 1
001738-000063_1_09_20180724-multires 51840 6336 1
001738-000063_1_09_20180724-multires 60192 17280 1
001738-000063_1_09_20180724-multires 58176 16704 1
001738-000063_1_09_20180724-multires 58176 17568 1
001738-000063_1_09_20180724-multires 65377 18432 1
001738-000063_1_09_20180724-multires 49824 4896 1
001738-000063_1_09_20180724-multires 57888 15552 1
001738-000063_1_09_20180724-multires 50400 5472 1
001738-000063_1_09_20180724-multires 51264 5760 1
001738-000063_1_09_20180724-multires 58176 15840 1
001738-000063_1_09_20180724-multires 57024 13824 1
001738-000063_1_09_20180724-multires 50112 5472 1
001738-000063_1_09_20180724-multires 56736 15552 1
001738-000063_1_09_20180724-multires 58464 17280 1
001738-000063_1_09_20180724-multires 66241 19296 1
001738-000063_1_09_20180724-multires 66007 18656 1
001738-000063_1_09_20180724-multires 58014 15614 1
001738-000063_1_09_20180724-multires 50653 5595 1
