001738-000142-multires 24591 20748 1
001738-000142-multires 24591 21005 1
001738-000142-multires 24847 22029 1
001738-000142-multires 24335 20748 1
001738-000142-multires 24847 21773 1
001738-000142-multires 24766 21849 1
001738-000142-multires 24468 20840 1
001738-000142-multires 82995 14601 2
001738-000142-multires 67369 12551 2
001738-000142-multires 67113 12807 2
001738-000142-multires 66601 12039 2
001738-000142-multires 67369 12807 2
001738-000142-multires 66601 12295 2
001738-000142-multires 83507 14601 2
001738-000142-multires 66857 12551 2
001738-000142-multires 66857 12295 2
001738-000142-multires 83507 14344 2
001738-000142-multires 67113 12295 2
001738-000142-multires 83251 14601 2
001738-000142-multires 83251 14088 2
001738-000142-multires 67369 12295 2
001738-000142-multires 66601 12551 2
001738-000142-multires 82995 14344 2
001738-000142-multires 67113 12551 2
001738-000142-multires 66857 12039 2
001738-000142-multires 83251 14344 2
001738-000142-multires 66345 12039 2
001738-000142-multires 83226 14372 2
001738-000142-multires 66876 12324 2
001738-000142-multires 79409 10758 4
001738-000142-multires 78128 12807 4
001738-000142-multires 80177 16138 4
001738-000142-multires 78128 13064 4
001738-000142-multires 80690 15369 4
001738-000142-multires 79409 16138 4
001738-000142-multires 79921 16394 4
001738-000142-multires 85813 14601 4
001738-000142-multires 80433 15881 4
001738-000142-multires 80946 16650 4
001738-000142-multires 81714 7172 4
001738-000142-multires 77359 12295 4
001738-000142-multires 75822 18187 4
001738-000142-multires 78384 11270 4
001738-000142-multires 79153 10758 4
001738-000142-multires 72492 11783 4
001738-000142-multires 79153 11270 4
001738-000142-multires 79409 15881 4
001738-000142-multires 79409 15369 4
001738-000142-multires 84020 18443 4
001738-000142-multires 84289 18679 4
001738-000142-multires 76101 18888 4
001738-000142-multires 80143 16026 4
001738-000142-multires 85678 14723 4
001738-000142-multires 80711 13727 4
001738-000142-multires 79228 12447 4
001738-000142-multires 77897 12644 4
001738-000142-multires 72573 11890 4
001738-000142-multires 78864 11079 4
001738-000142-multires 81734 7033 4
