001738-000143-multires 63085 18435 0
001738-000143-multires 62797 18147 0
001738-000143-multires 63661 18435 0
001738-000143-multires 63661 17859 0
001738-000143-multires 62509 18435 0
001738-000143-multires 63085 18147 0
001738-000143-multires 62797 19012 0
001738-000143-multires 63085 19300 0
001738-000143-multires 66254 17571 0
001738-000143-multires 63373 19012 0
001738-000143-multires 65390 17283 0
001738-000143-multires 65390 17859 0
001738-000143-multires 63949 17859 0
001738-000143-multires 66254 17283 0
001738-000143-multires 65102 17859 0
001738-000143-multires 65390 17571 0
001738-000143-multires 66254 17859 0
001738-000143-multires 63661 19300 0
001738-000143-multires 63949 18724 0
001738-000143-multires 63661 18147 0
001738-000143-multires 63301 18573 0
001738-000143-multires 65743 17453 0
001738-000143-multires 42633 18435 1
001738-000143-multires 43209 17283 1
001738-000143-multires 42057 17859 1
001738-000143-multires 42345 11810 1
001738-000143-multires 41769 17283 1
001738-000143-multires 42921 11522 1
001738-000143-multires 42057 18147 1
001738-000143-multires 42345 10370 1
001738-000143-multires 42921 18147 1
001738-000143-multires 44649 7201 1
001738-000143-multires 42633 16419 1
001738-000143-multires 42345 18147 1
001738-000143-multires 43785 11522 1
001738-000143-multires 42057 11810 1
001738-000143-multires 44361 17571 1
001738-000143-multires 40904 12674 1
001738-000143-multires 43209 15843 1
001738-000143-multires 53579 17283 1
001738-000143-multires 44073 17283 1
001738-000143-multires 43209 8353 1
001738-000143-multires 55051 17947 1
001738-000143-multires 53164 17063 1
001738-000143-multires 42909 17240 1
001738-000143-multires 42396 11895 1
001738-000143-multires 43261 10159 1
001738-000143-multires 44004 7801 1
