001738-000115_1_23_20180822-multires 13061 37135 2
001738-000115_1_23_20180822-multires 12037 39184 2
001738-000115_1_23_20180822-multires 12293 38672 2
001738-000115_1_23_20180822-multires 11524 38160 2
001738-000115_1_23_20180822-multires 13061 37903 2
001738-000115_1_23_20180822-multires 12549 38160 2
001738-000115_1_23_20180822-multires 11524 38672 2
001738-000115_1_23_20180822-multires 13317 37903 2
001738-000115_1_23_20180822-multires 12805 37647 2
001738-000115_1_23_20180822-multires 12293 38160 2
001738-000115_1_23_20180822-multires 12549 38672 2
001738-000115_1_23_20180822-multires 11268 38416 2
001738-000115_1_23_20180822-multires 11780 39184 2
001738-000115_1_23_20180822-multires 11268 37903 2
001738-000115_1_23_20180822-multires 12293 38416 2
001738-000115_1_23_20180822-multires 13317 38416 2
001738-000115_1_23_20180822-multires 11524 38928 2
001738-000115_1_23_20180822-multires 12037 38160 2
001738-000115_1_23_20180822-multires 13061 39184 2
001738-000115_1_23_20180822-multires 13317 37135 2
001738-000115_1_23_20180822-multires 12429 37952 2
