001738-000079_1_01_20180814-multires 41760 44928 1
001738-000079_1_01_20180814-multires 44064 47808 1
001738-000079_1_01_20180814-multires 38592 50112 1
001738-000079_1_01_20180814-multires 56736 45792 1
001738-000079_1_01_20180814-multires 49248 48384 1
001738-000079_1_01_20180814-multires 60768 43488 1
001738-000079_1_01_20180814-multires 58176 44064 1
001738-000079_1_01_20180814-multires 58464 43776 1
001738-000079_1_01_20180814-multires 49536 34560 1
001738-000079_1_01_20180814-multires 58752 45216 1
001738-000079_1_01_20180814-multires 48960 45504 1
001738-000079_1_01_20180814-multires 51840 32544 1
001738-000079_1_01_20180814-multires 40608 50400 1
001738-000079_1_01_20180814-multires 43200 50112 1
001738-000079_1_01_20180814-multires 42048 51264 1
001738-000079_1_01_20180814-multires 50400 48384 1
001738-000079_1_01_20180814-multires 44928 46368 1
001738-000079_1_01_20180814-multires 48672 50400 1
001738-000079_1_01_20180814-multires 50976 34848 1
001738-000079_1_01_20180814-multires 37440 54144 1
001738-000079_1_01_20180814-multires 37171 52916 1
001738-000079_1_01_20180814-multires 42880 50859 1
001738-000079_1_01_20180814-multires 42688 51636 1
001738-000079_1_01_20180814-multires 41614 51228 1
001738-000079_1_01_20180814-multires 49111 49180 1
001738-000079_1_01_20180814-multires 42226 45750 1
001738-000079_1_01_20180814-multires 49253 45205 1
001738-000079_1_01_20180814-multires 44544 45657 1
001738-000079_1_01_20180814-multires 43002 42340 1
001738-000079_1_01_20180814-multires 58947 44008 1
001738-000079_1_01_20180814-multires 51301 34837 1
001738-000079_1_01_20180814-multires 50871 35492 1
