001738-000071_1_08_20180731-multires 86420 15555 1
001738-000071_1_08_20180731-multires 87572 14979 1
001738-000071_1_08_20180731-multires 88148 15843 1
001738-000071_1_08_20180731-multires 93333 11522 1
001738-000071_1_08_20180731-multires 93333 11810 1
001738-000071_1_08_20180731-multires 87860 15267 1
001738-000071_1_08_20180731-multires 87284 14115 1
001738-000071_1_08_20180731-multires 88724 16131 1
001738-000071_1_08_20180731-multires 87284 16707 1
001738-000071_1_08_20180731-multires 87572 14115 1
001738-000071_1_08_20180731-multires 87284 15843 1
001738-000071_1_08_20180731-multires 87860 14115 1
001738-000071_1_08_20180731-multires 93621 12098 1
001738-000071_1_08_20180731-multires 94198 10946 1
001738-000071_1_08_20180731-multires 88436 15267 1
001738-000071_1_08_20180731-multires 86420 15843 1
001738-000071_1_08_20180731-multires 94198 12098 1
001738-000071_1_08_20180731-multires 88148 13827 1
001738-000071_1_08_20180731-multires 94486 11522 1
001738-000071_1_08_20180731-multires 87572 15843 1
001738-000071_1_08_20180731-multires 87508 15401 1
001738-000071_1_08_20180731-multires 93908 11154 1
001738-000071_1_08_20180731-multires 73169 7201 2
001738-000071_1_08_20180731-multires 74033 7777 2
001738-000071_1_08_20180731-multires 73745 11810 2
001738-000071_1_08_20180731-multires 74033 12098 2
001738-000071_1_08_20180731-multires 72881 7777 2
001738-000071_1_08_20180731-multires 74033 7489 2
001738-000071_1_08_20180731-multires 71440 9794 2
001738-000071_1_08_20180731-multires 72881 8642 2
001738-000071_1_08_20180731-multires 73457 7777 2
001738-000071_1_08_20180731-multires 70864 9794 2
001738-000071_1_08_20180731-multires 73457 13251 2
001738-000071_1_08_20180731-multires 71728 8353 2
001738-000071_1_08_20180731-multires 72881 11234 2
001738-000071_1_08_20180731-multires 74321 12963 2
001738-000071_1_08_20180731-multires 74609 12386 2
001738-000071_1_08_20180731-multires 68848 10658 2
001738-000071_1_08_20180731-multires 70288 10946 2
001738-000071_1_08_20180731-multires 74609 10082 2
001738-000071_1_08_20180731-multires 70000 10658 2
001738-000071_1_08_20180731-multires 75185 6049 2
001738-000071_1_08_20180731-multires 73304 11907 2
001738-000071_1_08_20180731-multires 74451 9626 2
001738-000071_1_08_20180731-multires 72705 7843 2
