001738-000099_1_07_20180822-multires 29957 50121 0
001738-000099_1_07_20180822-multires 31974 49833 0
001738-000099_1_07_20180822-multires 33702 49257 0
001738-000099_1_07_20180822-multires 31110 50121 0
001738-000099_1_07_20180822-multires 32262 51562 0
001738-000099_1_07_20180822-multires 29093 53578 0
001738-000099_1_07_20180822-multires 28229 53578 0
001738-000099_1_07_20180822-multires 34278 50121 0
001738-000099_1_07_20180822-multires 34278 52138 0
001738-000099_1_07_20180822-multires 31110 50697 0
001738-000099_1_07_20180822-multires 32838 51274 0
001738-000099_1_07_20180822-multires 31686 52426 0
001738-000099_1_07_20180822-multires 30822 51562 0
001738-000099_1_07_20180822-multires 32550 51274 0
001738-000099_1_07_20180822-multires 33126 50409 0
001738-000099_1_07_20180822-multires 28229 50697 0
001738-000099_1_07_20180822-multires 32262 49545 0
001738-000099_1_07_20180822-multires 31974 52714 0
001738-000099_1_07_20180822-multires 30533 52714 0
001738-000099_1_07_20180822-multires 27941 52714 0
001738-000099_1_07_20180822-multires 31602 51442 0
001738-000099_1_07_20180822-multires 57691 20228 0
001738-000099_1_07_20180822-multires 32262 17859 1
001738-000099_1_07_20180822-multires 43784 33702 1
001738-000099_1_07_20180822-multires 44936 26789 1
001738-000099_1_07_20180822-multires 31974 23332 1
001738-000099_1_07_20180822-multires 26213 15266 1
001738-000099_1_07_20180822-multires 28517 31686 1
001738-000099_1_07_20180822-multires 25637 30245 1
001738-000099_1_07_20180822-multires 27941 14690 1
001738-000099_1_07_20180822-multires 40903 36583 1
001738-000099_1_07_20180822-multires 28517 15555 1
001738-000099_1_07_20180822-multires 49545 42920 1
001738-000099_1_07_20180822-multires 25637 14114 1
001738-000099_1_07_20180822-multires 44360 36871 1
001738-000099_1_07_20180822-multires 32838 16995 1
001738-000099_1_07_20180822-multires 32550 18435 1
001738-000099_1_07_20180822-multires 24196 13826 1
001738-000099_1_07_20180822-multires 27941 15266 1
001738-000099_1_07_20180822-multires 31974 23044 1
001738-000099_1_07_20180822-multires 25348 29093 1
001738-000099_1_07_20180822-multires 29669 31974 1
001738-000099_1_07_20180822-multires 49913 42543 1
001738-000099_1_07_20180822-multires 42769 35542 1
001738-000099_1_07_20180822-multires 40292 28788 1
001738-000099_1_07_20180822-multires 45182 27726 1
001738-000099_1_07_20180822-multires 26971 29892 1
001738-000099_1_07_20180822-multires 31092 23460 1
001738-000099_1_07_20180822-multires 36957 20807 1
001738-000099_1_07_20180822-multires 36057 18491 1
001738-000099_1_07_20180822-multires 38372 18136 1
001738-000099_1_07_20180822-multires 32052 18607 1
001738-000099_1_07_20180822-multires 26986 14605 1
001738-000099_1_07_20180822-multires 31686 26501 2
001738-000099_1_07_20180822-multires 31686 26789 2
001738-000099_1_07_20180822-multires 31398 26501 2
001738-000099_1_07_20180822-multires 31578 26684 2
