001738-000084_1_06_20180814-multires 68375 48400 1
001738-000084_1_06_20180814-multires 56851 56595 1
001738-000084_1_06_20180814-multires 42766 53778 1
001738-000084_1_06_20180814-multires 60180 20743 1
001738-000084_1_06_20180814-multires 68888 25865 1
001738-000084_1_06_20180814-multires 73241 23560 1
001738-000084_1_06_20180814-multires 60180 56083 1
001738-000084_1_06_20180814-multires 63510 49937 1
001738-000084_1_06_20180814-multires 70168 49425 1
001738-000084_1_06_20180814-multires 68888 17670 1
001738-000084_1_06_20180814-multires 61461 15365 1
001738-000084_1_06_20180814-multires 70424 16133 1
001738-000084_1_06_20180814-multires 24840 53010 1
001738-000084_1_06_20180814-multires 28682 53522 1
001738-000084_1_06_20180814-multires 69912 26377 1
001738-000084_1_06_20180814-multires 15621 44047 1
001738-000084_1_06_20180814-multires 67095 26121 1
001738-000084_1_06_20180814-multires 66583 21511 1
001738-000084_1_06_20180814-multires 29706 49681 1
001738-000084_1_06_20180814-multires 59924 19462 1
001738-000084_1_06_20180814-multires 56250 55856 1
001738-000084_1_06_20180814-multires 32855 55310 1
001738-000084_1_06_20180814-multires 60977 55703 1
001738-000084_1_06_20180814-multires 41156 54806 1
001738-000084_1_06_20180814-multires 43099 53382 1
001738-000084_1_06_20180814-multires 63502 51585 1
001738-000084_1_06_20180814-multires 27888 51739 1
001738-000084_1_06_20180814-multires 23675 49972 1
001738-000084_1_06_20180814-multires 69227 48792 1
001738-000084_1_06_20180814-multires 25286 47698 1
001738-000084_1_06_20180814-multires 22698 46793 1
001738-000084_1_06_20180814-multires 74254 44890 1
001738-000084_1_06_20180814-multires 16909 44276 1
001738-000084_1_06_20180814-multires 67942 25906 1
001738-000084_1_06_20180814-multires 72776 24938 1
001738-000084_1_06_20180814-multires 65056 21205 1
001738-000084_1_06_20180814-multires 60675 20637 1
001738-000084_1_06_20180814-multires 66962 15639 1
001738-000084_1_06_20180814-multires 69728 15984 1
001738-000084_1_06_20180814-multires 62198 14142 1
001738-000084_1_06_20180814-multires 63510 12036 2
001738-000084_1_06_20180814-multires 63510 12292 2
001738-000084_1_06_20180814-multires 63254 12036 2
001738-000084_1_06_20180814-multires 63254 12292 2
001738-000084_1_06_20180814-multires 63407 12204 2
