001738-000032_01_15_20180627-multires 23040 7680 3
001738-000032_01_15_20180627-multires 64256 47104 3
001738-000032_01_15_20180627-multires 24320 6400 3
001738-000032_01_15_20180627-multires 22272 9472 3
001738-000032_01_15_20180627-multires 22784 9984 3
001738-000032_01_15_20180627-multires 22784 9472 3
001738-000032_01_15_20180627-multires 64512 47104 3
001738-000032_01_15_20180627-multires 63232 48384 3
001738-000032_01_15_20180627-multires 23296 9472 3
001738-000032_01_15_20180627-multires 24576 8704 3
001738-000032_01_15_20180627-multires 53760 33792 3
001738-000032_01_15_20180627-multires 65792 40960 3
001738-000032_01_15_20180627-multires 52992 34816 3
001738-000032_01_15_20180627-multires 63232 38400 3
001738-000032_01_15_20180627-multires 65792 40704 3
001738-000032_01_15_20180627-multires 61952 49664 3
001738-000032_01_15_20180627-multires 23552 9984 3
001738-000032_01_15_20180627-multires 23296 5888 3
001738-000032_01_15_20180627-multires 60928 30208 3
001738-000032_01_15_20180627-multires 64000 48128 3
001738-000032_01_15_20180627-multires 57251 53147 3
001738-000032_01_15_20180627-multires 59551 50785 3
001738-000032_01_15_20180627-multires 61306 50083 3
001738-000032_01_15_20180627-multires 63592 47535 3
001738-000032_01_15_20180627-multires 38383 43723 3
001738-000032_01_15_20180627-multires 38654 42690 3
001738-000032_01_15_20180627-multires 63784 40233 3
001738-000032_01_15_20180627-multires 65713 40307 3
001738-000032_01_15_20180627-multires 62986 38491 3
001738-000032_01_15_20180627-multires 62618 35600 3
001738-000032_01_15_20180627-multires 46418 34605 3
001738-000032_01_15_20180627-multires 53706 33583 3
001738-000032_01_15_20180627-multires 58153 31458 3
001738-000032_01_15_20180627-multires 63441 31467 3
001738-000032_01_15_20180627-multires 60806 29972 3
001738-000032_01_15_20180627-multires 58326 29524 3
001738-000032_01_15_20180627-multires 65516 27993 3
001738-000032_01_15_20180627-multires 23096 9679 3
001738-000032_01_15_20180627-multires 23561 6408 3
