001738-000091_1_13_20180814-multires 42635 13539 0
001738-000091_1_13_20180814-multires 40619 15556 0
001738-000091_1_13_20180814-multires 40330 14403 0
001738-000091_1_13_20180814-multires 44652 14980 0
001738-000091_1_13_20180814-multires 45228 10370 0
001738-000091_1_13_20180814-multires 39466 15268 0
001738-000091_1_13_20180814-multires 36874 7490 0
001738-000091_1_13_20180814-multires 38890 14115 0
001738-000091_1_13_20180814-multires 41771 10370 0
001738-000091_1_13_20180814-multires 45804 10946 0
001738-000091_1_13_20180814-multires 45804 11811 0
001738-000091_1_13_20180814-multires 44940 10082 0
001738-000091_1_13_20180814-multires 33417 7201 0
001738-000091_1_13_20180814-multires 43211 14115 0
001738-000091_1_13_20180814-multires 42635 15844 0
001738-000091_1_13_20180814-multires 39754 6049 0
001738-000091_1_13_20180814-multires 40330 5761 0
001738-000091_1_13_20180814-multires 37738 5761 0
001738-000091_1_13_20180814-multires 36585 6337 0
001738-000091_1_13_20180814-multires 35433 8066 0
001738-000091_1_13_20180814-multires 42538 12685 0
001738-000091_1_13_20180814-multires 36956 7242 0
001738-000091_1_13_20180814-multires 35145 36009 1
001738-000091_1_13_20180814-multires 9218 21317 1
001738-000091_1_13_20180814-multires 10370 22182 1
001738-000091_1_13_20180814-multires 10082 23910 1
001738-000091_1_13_20180814-multires 28807 23334 1
001738-000091_1_13_20180814-multires 10370 22758 1
001738-000091_1_13_20180814-multires 36874 25062 1
001738-000091_1_13_20180814-multires 40042 25638 1
001738-000091_1_13_20180814-multires 35433 35433 1
001738-000091_1_13_20180814-multires 36585 37450 1
001738-000091_1_13_20180814-multires 36585 35721 1
001738-000091_1_13_20180814-multires 9506 21317 1
001738-000091_1_13_20180814-multires 36874 24774 1
001738-000091_1_13_20180814-multires 29383 27079 1
001738-000091_1_13_20180814-multires 11811 23622 1
001738-000091_1_13_20180814-multires 34857 36585 1
001738-000091_1_13_20180814-multires 12099 22758 1
001738-000091_1_13_20180814-multires 40042 26215 1
001738-000091_1_13_20180814-multires 37738 25927 1
001738-000091_1_13_20180814-multires 12387 21317 1
001738-000091_1_13_20180814-multires 35574 36292 1
001738-000091_1_13_20180814-multires 27987 26584 1
001738-000091_1_13_20180814-multires 38775 25751 1
001738-000091_1_13_20180814-multires 27955 22946 1
001738-000091_1_13_20180814-multires 11882 21861 1
