001738-000094_1_02_20180822-multires 24484 38599 1
001738-000094_1_02_20180822-multires 28517 36583 1
001738-000094_1_02_20180822-multires 18147 14402 1
001738-000094_1_02_20180822-multires 21892 15843 1
001738-000094_1_02_20180822-multires 25348 37159 1
001738-000094_1_02_20180822-multires 30533 31398 1
001738-000094_1_02_20180822-multires 31686 30821 1
001738-000094_1_02_20180822-multires 20451 33990 1
001738-000094_1_02_20180822-multires 21316 18723 1
001738-000094_1_02_20180822-multires 20740 19011 1
001738-000094_1_02_20180822-multires 18723 21028 1
001738-000094_1_02_20180822-multires 21892 37447 1
001738-000094_1_02_20180822-multires 23908 35142 1
001738-000094_1_02_20180822-multires 24196 18147 1
001738-000094_1_02_20180822-multires 20163 17571 1
001738-000094_1_02_20180822-multires 23044 31110 1
001738-000094_1_02_20180822-multires 21604 36583 1
001738-000094_1_02_20180822-multires 14402 18147 1
001738-000094_1_02_20180822-multires 19875 22468 1
001738-000094_1_02_20180822-multires 29093 33702 1
001738-000094_1_02_20180822-multires 23039 37901 1
001738-000094_1_02_20180822-multires 28250 35505 1
001738-000094_1_02_20180822-multires 23648 31157 1
001738-000094_1_02_20180822-multires 29968 31288 1
001738-000094_1_02_20180822-multires 18769 18903 1
