001738-000148-multires 12559 13584 1
001738-000148-multires 16916 8970 1
001738-000148-multires 16916 9227 1
001738-000148-multires 14097 13071 1
001738-000148-multires 14866 11021 1
001738-000148-multires 15122 11790 1
001738-000148-multires 12302 12559 1
001738-000148-multires 11021 11790 1
001738-000148-multires 12046 13328 1
001738-000148-multires 12302 13328 1
001738-000148-multires 19223 14609 1
001738-000148-multires 10765 10765 1
001738-000148-multires 18198 14353 1
001738-000148-multires 11790 10508 1
001738-000148-multires 13328 13328 1
001738-000148-multires 13328 12302 1
001738-000148-multires 13071 10508 1
001738-000148-multires 14097 12815 1
001738-000148-multires 19223 14353 1
001738-000148-multires 14353 11790 1
001738-000148-multires 18331 14527 1
001738-000148-multires 17479 9667 1
001738-000148-multires 12732 11563 1
