001738-000151-multires 12098 11810 0
001738-000151-multires 12386 13250 0
001738-000151-multires 16995 7489 0
001738-000151-multires 19012 5761 0
001738-000151-multires 5185 23909 0
001738-000151-multires 4609 17283 0
001738-000151-multires 6913 23909 0
001738-000151-multires 4897 15843 0
001738-000151-multires 6625 21892 0
001738-000151-multires 12962 13250 0
001738-000151-multires 4897 23333 0
001738-000151-multires 8065 22468 0
001738-000151-multires 6625 24197 0
001738-000151-multires 6625 16995 0
001738-000151-multires 19300 6337 0
001738-000151-multires 14403 12674 0
001738-000151-multires 4032 15555 0
001738-000151-multires 13538 13538 0
001738-000151-multires 5761 23045 0
001738-000151-multires 7777 21892 0
001738-000151-multires 6267 22921 0
001738-000151-multires 5262 17159 0
001738-000151-multires 18222 10684 0
001738-000151-multires 13506 11634 0
001738-000151-multires 18349 6902 0
