001738-000140-multires 19878 8354 0
001738-000140-multires 20166 7490 0
001738-000140-multires 22471 7778 0
001738-000140-multires 23047 8066 0
001738-000140-multires 22759 6914 0
001738-000140-multires 21318 8642 0
001738-000140-multires 23335 6914 0
001738-000140-multires 21607 6914 0
001738-000140-multires 21607 9219 0
001738-000140-multires 22471 8930 0
001738-000140-multires 20742 9219 0
001738-000140-multires 23047 8354 0
001738-000140-multires 23623 7778 0
001738-000140-multires 20454 8930 0
001738-000140-multires 23335 7778 0
001738-000140-multires 23335 8066 0
001738-000140-multires 21030 8642 0
001738-000140-multires 20454 7202 0
001738-000140-multires 21030 8066 0
001738-000140-multires 20166 7778 0
001738-000140-multires 21836 8002 0
001738-000140-multires 6914 14116 1
001738-000140-multires 6626 15269 1
001738-000140-multires 5185 14692 1
001738-000140-multires 5473 14404 1
001738-000140-multires 6626 14980 1
001738-000140-multires 7490 16709 1
001738-000140-multires 4897 14692 1
001738-000140-multires 4897 14404 1
001738-000140-multires 6338 14404 1
001738-000140-multires 6626 14692 1
001738-000140-multires 6914 14692 1
001738-000140-multires 8354 15557 1
001738-000140-multires 8354 15845 1
001738-000140-multires 5473 13828 1
001738-000140-multires 5761 14116 1
001738-000140-multires 7202 14404 1
001738-000140-multires 7202 16709 1
001738-000140-multires 7778 15269 1
001738-000140-multires 7778 16709 1
001738-000140-multires 7490 15557 1
001738-000140-multires 7736 15940 1
001738-000140-multires 6050 14427 1
001738-000140-multires 10947 14404 2
001738-000140-multires 9219 13252 2
001738-000140-multires 8930 13252 2
001738-000140-multires 11235 14116 2
001738-000140-multires 8930 13828 2
001738-000140-multires 9219 13540 2
001738-000140-multires 8354 14116 2
001738-000140-multires 10947 14116 2
001738-000140-multires 8066 13828 2
001738-000140-multires 8642 13252 2
001738-000140-multires 8642 14116 2
001738-000140-multires 8354 13252 2
001738-000140-multires 8642 13828 2
001738-000140-multires 11523 14116 2
001738-000140-multires 8066 13540 2
001738-000140-multires 11235 14692 2
001738-000140-multires 8930 13540 2
001738-000140-multires 11235 14404 2
001738-000140-multires 8354 13540 2
001738-000140-multires 8642 13540 2
001738-000140-multires 11173 14336 2
001738-000140-multires 8551 13619 2
