001738-000133-multires 23335 11811 1
001738-000133-multires 18725 23047 1
001738-000133-multires 29097 18149 1
001738-000133-multires 28808 17861 1
001738-000133-multires 16997 22470 1
001738-000133-multires 24487 11811 1
001738-000133-multires 30537 18437 1
001738-000133-multires 30537 18149 1
001738-000133-multires 30249 18725 1
001738-000133-multires 32266 17861 1
001738-000133-multires 23335 11235 1
001738-000133-multires 29961 18149 1
001738-000133-multires 31113 19878 1
001738-000133-multires 19013 23335 1
001738-000133-multires 20166 22470 1
001738-000133-multires 31113 19013 1
001738-000133-multires 30249 19301 1
001738-000133-multires 31113 18437 1
001738-000133-multires 29673 19301 1
001738-000133-multires 29097 17573 1
001738-000133-multires 18271 22882 1
001738-000133-multires 30077 18771 1
001738-000133-multires 32742 17735 1
001738-000133-multires 23738 11480 1
001738-000133-multires 30825 27080 2
001738-000133-multires 29673 28520 2
001738-000133-multires 29961 29385 2
001738-000133-multires 31113 27944 2
001738-000133-multires 29673 29097 2
001738-000133-multires 26216 23623 2
001738-000133-multires 29961 26216 2
001738-000133-multires 30537 26504 2
001738-000133-multires 29385 26504 2
001738-000133-multires 26504 23911 2
001738-000133-multires 30537 29097 2
001738-000133-multires 30249 28520 2
001738-000133-multires 30825 28232 2
001738-000133-multires 26504 23623 2
001738-000133-multires 30537 28232 2
001738-000133-multires 30537 28520 2
001738-000133-multires 30825 28808 2
001738-000133-multires 29673 27368 2
001738-000133-multires 31113 27368 2
001738-000133-multires 29961 27080 2
001738-000133-multires 30138 27786 2
001738-000133-multires 26556 23630 2
001738-000133-multires 27839 23472 2
001738-000133-multires 28607 23131 2
