001738-000134-multires 21267 19985 0
001738-000134-multires 23316 19985 0
001738-000134-multires 24341 21267 0
001738-000134-multires 23316 21779 0
001738-000134-multires 23060 20754 0
001738-000134-multires 21010 19985 0
001738-000134-multires 22804 22035 0
001738-000134-multires 20754 21267 0
001738-000134-multires 23829 20498 0
001738-000134-multires 22804 21779 0
001738-000134-multires 21779 20498 0
001738-000134-multires 20498 21010 0
001738-000134-multires 23060 21267 0
001738-000134-multires 21779 19217 0
001738-000134-multires 23829 21779 0
001738-000134-multires 21779 19985 0
001738-000134-multires 23316 21523 0
001738-000134-multires 22548 20754 0
001738-000134-multires 22035 19729 0
001738-000134-multires 20754 20498 0
001738-000134-multires 22428 20677 0
