001738-000090_1_12_20180814-multires 33989 3744 0
001738-000090_1_12_20180814-multires 32549 8065 0
001738-000090_1_12_20180814-multires 35141 9793 0
001738-000090_1_12_20180814-multires 35429 12386 0
001738-000090_1_12_20180814-multires 34565 11809 0
001738-000090_1_12_20180814-multires 38886 8641 0
001738-000090_1_12_20180814-multires 35718 12098 0
001738-000090_1_12_20180814-multires 32837 10657 0
001738-000090_1_12_20180814-multires 35141 7777 0
001738-000090_1_12_20180814-multires 37446 8353 0
001738-000090_1_12_20180814-multires 35429 3744 0
001738-000090_1_12_20180814-multires 39750 10657 0
001738-000090_1_12_20180814-multires 40326 3744 0
001738-000090_1_12_20180814-multires 36870 11521 0
001738-000090_1_12_20180814-multires 33413 8353 0
001738-000090_1_12_20180814-multires 35429 10657 0
001738-000090_1_12_20180814-multires 32837 11809 0
001738-000090_1_12_20180814-multires 32261 11521 0
001738-000090_1_12_20180814-multires 33125 3744 0
001738-000090_1_12_20180814-multires 33125 9505 0
001738-000090_1_12_20180814-multires 35764 10085 0
001738-000090_1_12_20180814-multires 37202 3411 0
001738-000090_1_12_20180814-multires 45223 30533 1
001738-000090_1_12_20180814-multires 47239 42055 1
001738-000090_1_12_20180814-multires 37158 37446 1
001738-000090_1_12_20180814-multires 46663 31685 1
001738-000090_1_12_20180814-multires 37158 40614 1
001738-000090_1_12_20180814-multires 42919 31397 1
001738-000090_1_12_20180814-multires 48680 20163 1
001738-000090_1_12_20180814-multires 47816 41190 1
001738-000090_1_12_20180814-multires 47816 42055 1
001738-000090_1_12_20180814-multires 49832 19875 1
001738-000090_1_12_20180814-multires 46375 41767 1
001738-000090_1_12_20180814-multires 46375 28804 1
001738-000090_1_12_20180814-multires 36582 36870 1
001738-000090_1_12_20180814-multires 44935 30245 1
001738-000090_1_12_20180814-multires 49544 20163 1
001738-000090_1_12_20180814-multires 43495 28804 1
001738-000090_1_12_20180814-multires 48680 19875 1
001738-000090_1_12_20180814-multires 48104 31685 1
001738-000090_1_12_20180814-multires 45511 30245 1
001738-000090_1_12_20180814-multires 50984 19011 1
001738-000090_1_12_20180814-multires 47607 41909 1
001738-000090_1_12_20180814-multires 37287 39614 1
001738-000090_1_12_20180814-multires 45231 30763 1
001738-000090_1_12_20180814-multires 49553 19526 1
001738-000090_1_12_20180814-multires 46537 19150 1
001738-000090_1_12_20180814-multires 48412 18704 1
001738-000090_1_12_20180814-multires 46951 51560 2
001738-000090_1_12_20180814-multires 45223 52424 2
001738-000090_1_12_20180814-multires 47528 51560 2
001738-000090_1_12_20180814-multires 46951 50696 2
001738-000090_1_12_20180814-multires 45511 52712 2
001738-000090_1_12_20180814-multires 46663 50984 2
001738-000090_1_12_20180814-multires 46375 51272 2
001738-000090_1_12_20180814-multires 44935 52424 2
001738-000090_1_12_20180814-multires 46951 50984 2
001738-000090_1_12_20180814-multires 46951 51272 2
001738-000090_1_12_20180814-multires 47239 51272 2
001738-000090_1_12_20180814-multires 46663 51272 2
001738-000090_1_12_20180814-multires 44935 53000 2
001738-000090_1_12_20180814-multires 45223 52712 2
001738-000090_1_12_20180814-multires 46663 51560 2
001738-000090_1_12_20180814-multires 47239 51560 2
001738-000090_1_12_20180814-multires 46663 50696 2
001738-000090_1_12_20180814-multires 46375 50696 2
001738-000090_1_12_20180814-multires 46663 50408 2
001738-000090_1_12_20180814-multires 46375 50984 2
001738-000090_1_12_20180814-multires 44945 52994 2
001738-000090_1_12_20180814-multires 45182 52435 2
001738-000090_1_12_20180814-multires 46814 51078 2
