001738-000139-multires 24592 14089 2
001738-000139-multires 24080 14345 2
001738-000139-multires 24592 15114 2
001738-000139-multires 24080 16138 2
001738-000139-multires 24336 14345 2
001738-000139-multires 24592 14601 2
001738-000139-multires 23567 16651 2
001738-000139-multires 24848 15114 2
001738-000139-multires 23823 14345 2
001738-000139-multires 23567 14601 2
001738-000139-multires 23823 14601 2
001738-000139-multires 24592 14345 2
001738-000139-multires 23567 15114 2
001738-000139-multires 22030 17163 2
001738-000139-multires 22286 16907 2
001738-000139-multires 24080 13833 2
001738-000139-multires 24848 14601 2
001738-000139-multires 24080 15114 2
001738-000139-multires 24592 14857 2
001738-000139-multires 24080 15370 2
001738-000139-multires 22259 17016 2
001738-000139-multires 23975 16340 2
001738-000139-multires 24223 14678 2
