001738-000074_1_11_20180731-multires 41488 14341 0
001738-000074_1_11_20180731-multires 51732 7939 0
001738-000074_1_11_20180731-multires 54805 10500 0
001738-000074_1_11_20180731-multires 40720 15366 0
001738-000074_1_11_20180731-multires 43537 11780 0
001738-000074_1_11_20180731-multires 39695 12549 0
001738-000074_1_11_20180731-multires 45074 13573 0
001738-000074_1_11_20180731-multires 54805 9988 0
001738-000074_1_11_20180731-multires 38927 11012 0
001738-000074_1_11_20180731-multires 55574 8963 0
001738-000074_1_11_20180731-multires 54805 8707 0
001738-000074_1_11_20180731-multires 44305 14597 0
001738-000074_1_11_20180731-multires 43025 11780 0
001738-000074_1_11_20180731-multires 40976 14085 0
001738-000074_1_11_20180731-multires 51732 11524 0
001738-000074_1_11_20180731-multires 45330 13317 0
001738-000074_1_11_20180731-multires 44049 12036 0
001738-000074_1_11_20180731-multires 53781 7939 0
001738-000074_1_11_20180731-multires 43537 13829 0
001738-000074_1_11_20180731-multires 39183 15110 0
001738-000074_1_11_20180731-multires 42104 13432 0
001738-000074_1_11_20180731-multires 53091 9744 0
001738-000074_1_11_20180731-multires 54037 42513 2
001738-000074_1_11_20180731-multires 35342 42769 2
001738-000074_1_11_20180731-multires 35086 42769 2
001738-000074_1_11_20180731-multires 53525 42513 2
001738-000074_1_11_20180731-multires 54549 42769 2
001738-000074_1_11_20180731-multires 54037 42769 2
001738-000074_1_11_20180731-multires 55062 43025 2
001738-000074_1_11_20180731-multires 54805 42769 2
001738-000074_1_11_20180731-multires 53781 42769 2
001738-000074_1_11_20180731-multires 35342 43025 2
001738-000074_1_11_20180731-multires 35598 43025 2
001738-000074_1_11_20180731-multires 55062 42513 2
001738-000074_1_11_20180731-multires 55062 42769 2
001738-000074_1_11_20180731-multires 54805 42513 2
001738-000074_1_11_20180731-multires 35598 42769 2
001738-000074_1_11_20180731-multires 53525 42769 2
001738-000074_1_11_20180731-multires 53013 42769 2
001738-000074_1_11_20180731-multires 54805 43025 2
001738-000074_1_11_20180731-multires 54293 42513 2
001738-000074_1_11_20180731-multires 54293 42769 2
001738-000074_1_11_20180731-multires 35343 42863 2
001738-000074_1_11_20180731-multires 54212 42717 2
