001738-000102_1_10_20180822-multires 6625 15555 0
001738-000102_1_10_20180822-multires 8354 14979 0
001738-000102_1_10_20180822-multires 7201 16131 0
001738-000102_1_10_20180822-multires 2592 20741 0
001738-000102_1_10_20180822-multires 6625 13827 0
001738-000102_1_10_20180822-multires 6337 14115 0
001738-000102_1_10_20180822-multires 7201 14403 0
001738-000102_1_10_20180822-multires 7489 14691 0
001738-000102_1_10_20180822-multires 6337 13251 0
001738-000102_1_10_20180822-multires 8642 14979 0
001738-000102_1_10_20180822-multires 7777 15267 0
001738-000102_1_10_20180822-multires 2016 20741 0
001738-000102_1_10_20180822-multires 8354 14691 0
001738-000102_1_10_20180822-multires 8642 15267 0
001738-000102_1_10_20180822-multires 2304 20741 0
001738-000102_1_10_20180822-multires 6625 13539 0
001738-000102_1_10_20180822-multires 2592 21029 0
001738-000102_1_10_20180822-multires 7489 16419 0
001738-000102_1_10_20180822-multires 3168 20452 0
001738-000102_1_10_20180822-multires 6625 15843 0
001738-000102_1_10_20180822-multires 2662 20752 0
001738-000102_1_10_20180822-multires 7635 15663 0
001738-000102_1_10_20180822-multires 8725 14137 0
001738-000102_1_10_20180822-multires 6719 14043 0
001738-000102_1_10_20180822-multires 33416 23621 1
001738-000102_1_10_20180822-multires 33128 23333 1
001738-000102_1_10_20180822-multires 34280 22757 1
001738-000102_1_10_20180822-multires 34280 23621 1
001738-000102_1_10_20180822-multires 32263 26214 1
001738-000102_1_10_20180822-multires 33704 24197 1
001738-000102_1_10_20180822-multires 32263 25350 1
001738-000102_1_10_20180822-multires 36008 23045 1
001738-000102_1_10_20180822-multires 35144 23333 1
001738-000102_1_10_20180822-multires 35720 21893 1
001738-000102_1_10_20180822-multires 33128 25062 1
001738-000102_1_10_20180822-multires 33992 25062 1
001738-000102_1_10_20180822-multires 32551 25350 1
001738-000102_1_10_20180822-multires 33128 25926 1
001738-000102_1_10_20180822-multires 33704 23621 1
001738-000102_1_10_20180822-multires 34856 23045 1
001738-000102_1_10_20180822-multires 35144 21893 1
001738-000102_1_10_20180822-multires 33992 23621 1
001738-000102_1_10_20180822-multires 34280 22181 1
001738-000102_1_10_20180822-multires 33128 23909 1
001738-000102_1_10_20180822-multires 34056 23923 1
001738-000102_1_10_20180822-multires 37161 7777 2
001738-000102_1_10_20180822-multires 16131 19588 2
001738-000102_1_10_20180822-multires 16131 19300 2
001738-000102_1_10_20180822-multires 15555 19588 2
001738-000102_1_10_20180822-multires 37161 7201 2
001738-000102_1_10_20180822-multires 16131 19876 2
001738-000102_1_10_20180822-multires 15843 19588 2
001738-000102_1_10_20180822-multires 37161 7489 2
001738-000102_1_10_20180822-multires 15843 19300 2
001738-000102_1_10_20180822-multires 15843 19876 2
001738-000102_1_10_20180822-multires 15899 19530 2
001738-000102_1_10_20180822-multires 37137 7489 2
