001738-000051_01_02_20180710-multires 9219 29385 1
001738-000051_01_02_20180710-multires 7490 28233 1
001738-000051_01_02_20180710-multires 7778 27945 1
001738-000051_01_02_20180710-multires 7778 28521 1
001738-000051_01_02_20180710-multires 9507 30250 1
001738-000051_01_02_20180710-multires 9219 29962 1
001738-000051_01_02_20180710-multires 8354 28809 1
001738-000051_01_02_20180710-multires 9507 29962 1
001738-000051_01_02_20180710-multires 8354 28521 1
001738-000051_01_02_20180710-multires 8066 28809 1
001738-000051_01_02_20180710-multires 8066 27945 1
001738-000051_01_02_20180710-multires 9507 29674 1
001738-000051_01_02_20180710-multires 7490 28521 1
001738-000051_01_02_20180710-multires 8354 29097 1
001738-000051_01_02_20180710-multires 8066 28521 1
001738-000051_01_02_20180710-multires 7778 28233 1
001738-000051_01_02_20180710-multires 7490 27945 1
001738-000051_01_02_20180710-multires 8066 28233 1
001738-000051_01_02_20180710-multires 9219 30250 1
001738-000051_01_02_20180710-multires 8931 29674 1
001738-000051_01_02_20180710-multires 9157 29910 1
001738-000051_01_02_20180710-multires 7952 28424 1
