001738-000093_1_01_20180822-multires 40721 55319 0
001738-000093_1_01_20180822-multires 36111 60954 0
001738-000093_1_01_20180822-multires 34318 58392 0
001738-000093_1_01_20180822-multires 38672 55575 0
001738-000093_1_01_20180822-multires 34830 56344 0
001738-000093_1_01_20180822-multires 35343 58136 0
001738-000093_1_01_20180822-multires 37391 62234 0
001738-000093_1_01_20180822-multires 40721 56344 0
001738-000093_1_01_20180822-multires 41489 59417 0
001738-000093_1_01_20180822-multires 45587 53270 0
001738-000093_1_01_20180822-multires 41745 60954 0
001738-000093_1_01_20180822-multires 41745 61466 0
001738-000093_1_01_20180822-multires 45075 53782 0
001738-000093_1_01_20180822-multires 41489 60954 0
001738-000093_1_01_20180822-multires 40721 59161 0
001738-000093_1_01_20180822-multires 37648 59161 0
001738-000093_1_01_20180822-multires 36111 55063 0
001738-000093_1_01_20180822-multires 45331 54295 0
001738-000093_1_01_20180822-multires 38416 61466 0
001738-000093_1_01_20180822-multires 41745 53270 0
001738-000093_1_01_20180822-multires 36564 58662 0
001738-000093_1_01_20180822-multires 41088 56835 0
001738-000093_1_01_20180822-multires 40891 57064 0
001738-000093_1_01_20180822-multires 45316 53795 0
001738-000093_1_01_20180822-multires 67868 43794 1
001738-000093_1_01_20180822-multires 67868 42770 1
001738-000093_1_01_20180822-multires 68381 42514 1
001738-000093_1_01_20180822-multires 67100 42514 1
001738-000093_1_01_20180822-multires 67100 42001 1
001738-000093_1_01_20180822-multires 66588 43794 1
001738-000093_1_01_20180822-multires 68125 43538 1
001738-000093_1_01_20180822-multires 67612 42514 1
001738-000093_1_01_20180822-multires 68381 43538 1
001738-000093_1_01_20180822-multires 67356 42001 1
001738-000093_1_01_20180822-multires 67356 43538 1
001738-000093_1_01_20180822-multires 67100 44050 1
001738-000093_1_01_20180822-multires 68125 43282 1
001738-000093_1_01_20180822-multires 68125 41745 1
001738-000093_1_01_20180822-multires 67100 41745 1
001738-000093_1_01_20180822-multires 67100 43538 1
001738-000093_1_01_20180822-multires 67356 42258 1
001738-000093_1_01_20180822-multires 67612 42001 1
001738-000093_1_01_20180822-multires 67612 41489 1
001738-000093_1_01_20180822-multires 68381 41745 1
001738-000093_1_01_20180822-multires 67640 42833 1
001738-000093_1_01_20180822-multires 44050 27659 2
001738-000093_1_01_20180822-multires 40977 29452 2
001738-000093_1_01_20180822-multires 53270 12293 2
001738-000093_1_01_20180822-multires 52758 12805 2
001738-000093_1_01_20180822-multires 52246 6914 2
001738-000093_1_01_20180822-multires 43794 28940 2
001738-000093_1_01_20180822-multires 47636 30733 2
001738-000093_1_01_20180822-multires 43282 29196 2
001738-000093_1_01_20180822-multires 40209 27915 2
001738-000093_1_01_20180822-multires 66332 16134 2
001738-000093_1_01_20180822-multires 54551 4866 2
001738-000093_1_01_20180822-multires 55831 5122 2
001738-000093_1_01_20180822-multires 42514 27403 2
001738-000093_1_01_20180822-multires 45587 28684 2
001738-000093_1_01_20180822-multires 46099 32013 2
001738-000093_1_01_20180822-multires 44563 30733 2
001738-000093_1_01_20180822-multires 45331 28684 2
001738-000093_1_01_20180822-multires 43538 27659 2
001738-000093_1_01_20180822-multires 55831 6402 2
001738-000093_1_01_20180822-multires 54295 5890 2
001738-000093_1_01_20180822-multires 69791 42200 2
001738-000093_1_01_20180822-multires 44296 35255 2
001738-000093_1_01_20180822-multires 43637 35547 2
001738-000093_1_01_20180822-multires 48036 31985 2
001738-000093_1_01_20180822-multires 46275 31682 2
001738-000093_1_01_20180822-multires 49449 31263 2
001738-000093_1_01_20180822-multires 47451 31226 2
001738-000093_1_01_20180822-multires 40824 28752 2
001738-000093_1_01_20180822-multires 43947 29151 2
001738-000093_1_01_20180822-multires 66902 22331 2
001738-000093_1_01_20180822-multires 67572 17004 2
001738-000093_1_01_20180822-multires 66697 16019 2
001738-000093_1_01_20180822-multires 53368 12546 2
001738-000093_1_01_20180822-multires 55006 5709 2
001738-000093_1_01_20180822-multires 51912 5781 2
