001738-000137-multires 53003 24197 0
001738-000137-multires 54731 25349 0
001738-000137-multires 53003 26501 0
001738-000137-multires 35719 3744 0
001738-000137-multires 37447 3456 0
001738-000137-multires 37159 4608 0
001738-000137-multires 34279 6337 0
001738-000137-multires 56747 25925 0
001738-000137-multires 56459 24197 0
001738-000137-multires 36007 3456 0
001738-000137-multires 57324 24485 0
001738-000137-multires 35719 5761 0
001738-000137-multires 36871 2592 0
001738-000137-multires 35431 4320 0
001738-000137-multires 36007 4608 0
001738-000137-multires 54731 24197 0
001738-000137-multires 57324 25061 0
001738-000137-multires 53003 27077 0
001738-000137-multires 56747 26213 0
001738-000137-multires 55019 26501 0
001738-000137-multires 54627 25739 0
001738-000137-multires 35609 5001 0
001738-000137-multires 9505 23909 1
001738-000137-multires 7201 29094 1
001738-000137-multires 6337 27653 1
001738-000137-multires 6337 27941 1
001738-000137-multires 9217 24773 1
001738-000137-multires 9794 23332 1
001738-000137-multires 6913 27365 1
001738-000137-multires 6913 26789 1
001738-000137-multires 7777 28806 1
001738-000137-multires 7777 29382 1
001738-000137-multires 6913 27077 1
001738-000137-multires 6625 28229 1
001738-000137-multires 9794 23909 1
001738-000137-multires 6625 26213 1
001738-000137-multires 6337 26501 1
001738-000137-multires 9505 24485 1
001738-000137-multires 8353 24773 1
001738-000137-multires 6625 27941 1
001738-000137-multires 7489 27365 1
001738-000137-multires 8641 23332 1
001738-000137-multires 7130 27755 1
001738-000137-multires 8925 24076 1
