001738-000104_1_12_20180822-multires 47243 33128 1
001738-000104_1_12_20180822-multires 49260 32264 1
001738-000104_1_12_20180822-multires 48972 32264 1
001738-000104_1_12_20180822-multires 48396 25062 1
001738-000104_1_12_20180822-multires 47531 33128 1
001738-000104_1_12_20180822-multires 48972 32840 1
001738-000104_1_12_20180822-multires 48684 30823 1
001738-000104_1_12_20180822-multires 48684 24486 1
001738-000104_1_12_20180822-multires 48396 24198 1
001738-000104_1_12_20180822-multires 48684 25638 1
001738-000104_1_12_20180822-multires 47531 32552 1
001738-000104_1_12_20180822-multires 49260 31399 1
001738-000104_1_12_20180822-multires 48107 31687 1
001738-000104_1_12_20180822-multires 48396 33128 1
001738-000104_1_12_20180822-multires 49548 31975 1
001738-000104_1_12_20180822-multires 48396 24774 1
001738-000104_1_12_20180822-multires 47819 33416 1
001738-000104_1_12_20180822-multires 49548 31687 1
001738-000104_1_12_20180822-multires 48396 25638 1
001738-000104_1_12_20180822-multires 48396 32840 1
001738-000104_1_12_20180822-multires 48544 31984 1
001738-000104_1_12_20180822-multires 48423 25218 1
001738-000104_1_12_20180822-multires 49236 22671 1
001738-000104_1_12_20180822-multires 46091 21893 2
001738-000104_1_12_20180822-multires 40906 49260 2
001738-000104_1_12_20180822-multires 46955 22757 2
001738-000104_1_12_20180822-multires 46955 23045 2
001738-000104_1_12_20180822-multires 46667 22181 2
001738-000104_1_12_20180822-multires 40330 51276 2
001738-000104_1_12_20180822-multires 51276 17572 2
001738-000104_1_12_20180822-multires 48396 23045 2
001738-000104_1_12_20180822-multires 41482 48684 2
001738-000104_1_12_20180822-multires 46955 23333 2
001738-000104_1_12_20180822-multires 40906 48684 2
001738-000104_1_12_20180822-multires 48684 23045 2
001738-000104_1_12_20180822-multires 46091 21605 2
001738-000104_1_12_20180822-multires 41194 49548 2
001738-000104_1_12_20180822-multires 47243 22757 2
001738-000104_1_12_20180822-multires 30247 45515 2
001738-000104_1_12_20180822-multires 41482 48396 2
001738-000104_1_12_20180822-multires 46379 21893 2
001738-000104_1_12_20180822-multires 47531 23333 2
001738-000104_1_12_20180822-multires 48396 22757 2
001738-000104_1_12_20180822-multires 38731 53450 2
001738-000104_1_12_20180822-multires 39896 51601 2
001738-000104_1_12_20180822-multires 41148 48979 2
001738-000104_1_12_20180822-multires 41350 47787 2
001738-000104_1_12_20180822-multires 30223 45356 2
001738-000104_1_12_20180822-multires 48585 23150 2
001738-000104_1_12_20180822-multires 47147 23130 2
001738-000104_1_12_20180822-multires 46457 21957 2
001738-000104_1_12_20180822-multires 51261 17467 2
001738-000104_1_12_20180822-multires 38025 53005 3
001738-000104_1_12_20180822-multires 38601 52717 3
001738-000104_1_12_20180822-multires 51564 17860 3
001738-000104_1_12_20180822-multires 38889 52717 3
001738-000104_1_12_20180822-multires 51564 18148 3
001738-000104_1_12_20180822-multires 38512 52760 3
001738-000104_1_12_20180822-multires 51479 18019 3
