001738-000087_1_09_20180814-multires 82470 27917 0
001738-000087_1_09_20180814-multires 80421 31246 0
001738-000087_1_09_20180814-multires 80421 30734 0
001738-000087_1_09_20180814-multires 84007 30222 0
001738-000087_1_09_20180814-multires 82470 28429 0
001738-000087_1_09_20180814-multires 82470 28173 0
001738-000087_1_09_20180814-multires 84519 30222 0
001738-000087_1_09_20180814-multires 80165 25611 0
001738-000087_1_09_20180814-multires 80933 30990 0
001738-000087_1_09_20180814-multires 80933 25611 0
001738-000087_1_09_20180814-multires 80933 28685 0
001738-000087_1_09_20180814-multires 81445 28173 0
001738-000087_1_09_20180814-multires 83494 30478 0
001738-000087_1_09_20180814-multires 80421 31502 0
001738-000087_1_09_20180814-multires 81958 29197 0
001738-000087_1_09_20180814-multires 79653 31246 0
001738-000087_1_09_20180814-multires 80421 25611 0
001738-000087_1_09_20180814-multires 81189 25611 0
001738-000087_1_09_20180814-multires 82214 28173 0
001738-000087_1_09_20180814-multires 84263 30734 0
001738-000087_1_09_20180814-multires 80264 31343 0
001738-000087_1_09_20180814-multires 84177 30656 0
001738-000087_1_09_20180814-multires 81740 28611 0
001738-000087_1_09_20180814-multires 80695 26036 0
001738-000087_1_09_20180814-multires 102191 20745 1
001738-000087_1_09_20180814-multires 48662 22538 1
001738-000087_1_09_20180814-multires 100142 20745 1
001738-000087_1_09_20180814-multires 45333 27404 1
001738-000087_1_09_20180814-multires 48918 26380 1
001738-000087_1_09_20180814-multires 99886 22282 1
001738-000087_1_09_20180814-multires 35600 48918 1
001738-000087_1_09_20180814-multires 93227 53528 1
001738-000087_1_09_20180814-multires 20489 25099 1
001738-000087_1_09_20180814-multires 47382 29197 1
001738-000087_1_09_20180814-multires 92459 51736 1
001738-000087_1_09_20180814-multires 47382 25611 1
001738-000087_1_09_20180814-multires 47894 27404 1
001738-000087_1_09_20180814-multires 33295 42259 1
001738-000087_1_09_20180814-multires 34832 45845 1
001738-000087_1_09_20180814-multires 92715 51992 1
001738-000087_1_09_20180814-multires 45845 26892 1
001738-000087_1_09_20180814-multires 48918 25611 1
001738-000087_1_09_20180814-multires 101679 19465 1
001738-000087_1_09_20180814-multires 97837 22026 1
001738-000087_1_09_20180814-multires 94974 52423 1
001738-000087_1_09_20180814-multires 95708 51928 1
001738-000087_1_09_20180814-multires 37464 49367 1
001738-000087_1_09_20180814-multires 34161 46621 1
001738-000087_1_09_20180814-multires 28002 35553 1
001738-000087_1_09_20180814-multires 24640 24747 1
001738-000087_1_09_20180814-multires 97409 23111 1
001738-000087_1_09_20180814-multires 47406 25413 1
001738-000087_1_09_20180814-multires 25965 21996 1
001738-000087_1_09_20180814-multires 102563 20116 1
001738-000087_1_09_20180814-multires 19670 24205 1
001738-000087_1_09_20180814-multires 47382 18252 1
001738-000087_1_09_20180814-multires 37342 9642 1
