001738-000085_1_07_20180814-multires 17571 23044 0
001738-000085_1_07_20180814-multires 14114 22468 0
001738-000085_1_07_20180814-multires 14402 19587 0
001738-000085_1_07_20180814-multires 14978 23908 0
001738-000085_1_07_20180814-multires 14114 23908 0
001738-000085_1_07_20180814-multires 16131 21316 0
001738-000085_1_07_20180814-multires 16419 22756 0
001738-000085_1_07_20180814-multires 17283 23044 0
001738-000085_1_07_20180814-multires 17283 23908 0
001738-000085_1_07_20180814-multires 14402 23908 0
001738-000085_1_07_20180814-multires 15266 25348 0
001738-000085_1_07_20180814-multires 17859 21316 0
001738-000085_1_07_20180814-multires 15555 21316 0
001738-000085_1_07_20180814-multires 16131 19011 0
001738-000085_1_07_20180814-multires 14690 26213 0
001738-000085_1_07_20180814-multires 16995 22180 0
001738-000085_1_07_20180814-multires 16419 23908 0
001738-000085_1_07_20180814-multires 16131 24196 0
001738-000085_1_07_20180814-multires 13826 20451 0
001738-000085_1_07_20180814-multires 14402 25925 0
001738-000085_1_07_20180814-multires 15496 22299 0
001738-000085_1_07_20180814-multires 39463 43208 1
001738-000085_1_07_20180814-multires 57611 43496 1
001738-000085_1_07_20180814-multires 37447 37735 1
001738-000085_1_07_20180814-multires 43784 37447 1
001738-000085_1_07_20180814-multires 49257 21316 1
001738-000085_1_07_20180814-multires 45800 40039 1
001738-000085_1_07_20180814-multires 54442 19299 1
001738-000085_1_07_20180814-multires 59339 41768 1
001738-000085_1_07_20180814-multires 60203 24484 1
001738-000085_1_07_20180814-multires 40615 41768 1
001738-000085_1_07_20180814-multires 61067 25637 1
001738-000085_1_07_20180814-multires 43496 33990 1
001738-000085_1_07_20180814-multires 38887 42920 1
001738-000085_1_07_20180814-multires 44360 42056 1
001738-000085_1_07_20180814-multires 54730 26501 1
001738-000085_1_07_20180814-multires 58187 26213 1
001738-000085_1_07_20180814-multires 43784 42632 1
001738-000085_1_07_20180814-multires 46377 39175 1
001738-000085_1_07_20180814-multires 37447 40327 1
001738-000085_1_07_20180814-multires 43496 43784 1
001738-000085_1_07_20180814-multires 51110 43573 1
001738-000085_1_07_20180814-multires 57406 41954 1
001738-000085_1_07_20180814-multires 45277 41626 1
001738-000085_1_07_20180814-multires 39026 40323 1
001738-000085_1_07_20180814-multires 43799 36030 1
001738-000085_1_07_20180814-multires 63910 25746 1
001738-000085_1_07_20180814-multires 60930 26415 1
001738-000085_1_07_20180814-multires 57000 25464 1
001738-000085_1_07_20180814-multires 61750 23466 1
001738-000085_1_07_20180814-multires 56026 22906 1
001738-000085_1_07_20180814-multires 48630 22073 1
001738-000085_1_07_20180814-multires 51589 20071 1
001738-000085_1_07_20180814-multires 55757 18983 1
