001738-000141-multires 80352 6912 0
001738-000141-multires 82080 6624 0
001738-000141-multires 80928 6336 0
001738-000141-multires 80928 6912 0
001738-000141-multires 80352 6624 0
001738-000141-multires 81504 6624 0
001738-000141-multires 80928 7200 0
001738-000141-multires 81792 6624 0
001738-000141-multires 80640 6624 0
001738-000141-multires 81792 6048 0
001738-000141-multires 81792 6912 0
001738-000141-multires 81504 6336 0
001738-000141-multires 81504 6048 0
001738-000141-multires 81504 7200 0
001738-000141-multires 80352 6336 0
001738-000141-multires 82368 6624 0
001738-000141-multires 82080 6912 0
001738-000141-multires 80352 7200 0
001738-000141-multires 80640 6336 0
001738-000141-multires 81216 6048 0
001738-000141-multires 81306 6616 0
001738-000141-multires 16128 7776 1
001738-000141-multires 16992 8640 1
001738-000141-multires 15552 7488 1
001738-000141-multires 16416 8064 1
001738-000141-multires 14976 8064 1
001738-000141-multires 16416 6624 1
001738-000141-multires 15264 7776 1
001738-000141-multires 15840 6912 1
001738-000141-multires 16416 7200 1
001738-000141-multires 15840 6336 1
001738-000141-multires 16704 8352 1
001738-000141-multires 15552 7776 1
001738-000141-multires 15264 6912 1
001738-000141-multires 16128 6912 1
001738-000141-multires 16416 8352 1
001738-000141-multires 16704 8928 1
001738-000141-multires 14976 6624 1
001738-000141-multires 14976 6912 1
001738-000141-multires 15264 8064 1
001738-000141-multires 15264 7200 1
001738-000141-multires 15817 7388 1
001738-000141-multires 4896 7776 2
001738-000141-multires 8352 10656 2
001738-000141-multires 78912 9216 2
001738-000141-multires 77760 8928 2
001738-000141-multires 66528 4320 2
001738-000141-multires 15264 11232 2
001738-000141-multires 66240 5184 2
001738-000141-multires 65952 4320 2
001738-000141-multires 78336 9792 2
001738-000141-multires 65088 3456 2
001738-000141-multires 67968 3456 2
001738-000141-multires 64800 3744 2
001738-000141-multires 78336 9504 2
001738-000141-multires 67392 2592 2
001738-000141-multires 17280 11232 2
001738-000141-multires 78048 9504 2
001738-000141-multires 9216 10656 2
001738-000141-multires 5760 8064 2
001738-000141-multires 76896 9216 2
001738-000141-multires 77472 9216 2
001738-000141-multires 15232 11507 2
001738-000141-multires 6382 11024 2
001738-000141-multires 16967 11047 2
001738-000141-multires 8898 10791 2
001738-000141-multires 78020 9183 2
001738-000141-multires 3973 8379 2
001738-000141-multires 5106 7605 2
001738-000141-multires 65911 4480 2
001738-000141-multires 67887 2948 2
