001738-000325_1_09_20181001-multires 16905 16393 3
001738-000325_1_09_20181001-multires 9989 17161 3
001738-000325_1_09_20181001-multires 18186 21772 3
001738-000325_1_09_20181001-multires 5635 21772 3
001738-000325_1_09_20181001-multires 16393 21772 3
001738-000325_1_09_20181001-multires 13063 16649 3
001738-000325_1_09_20181001-multires 5635 22028 3
001738-000325_1_09_20181001-multires 5379 22028 3
001738-000325_1_09_20181001-multires 12038 18954 3
001738-000325_1_09_20181001-multires 15624 9477 3
001738-000325_1_09_20181001-multires 18442 22028 3
001738-000325_1_09_20181001-multires 16393 22028 3
001738-000325_1_09_20181001-multires 13063 13575 3
001738-000325_1_09_20181001-multires 13319 24589 3
001738-000325_1_09_20181001-multires 3586 31505 3
001738-000325_1_09_20181001-multires 14600 20235 3
001738-000325_1_09_20181001-multires 15881 15112 3
001738-000325_1_09_20181001-multires 15112 20747 3
001738-000325_1_09_20181001-multires 18186 12807 3
001738-000325_1_09_20181001-multires 17674 21260 3
001738-000325_1_09_20181001-multires 4519 33896 3
001738-000325_1_09_20181001-multires 5019 32878 3
001738-000325_1_09_20181001-multires 4289 32142 3
001738-000325_1_09_20181001-multires 4663 32081 3
001738-000325_1_09_20181001-multires 3732 32011 3
001738-000325_1_09_20181001-multires 4087 31877 3
001738-000325_1_09_20181001-multires 4617 31778 3
001738-000325_1_09_20181001-multires 3767 31477 3
001738-000325_1_09_20181001-multires 3675 30061 3
001738-000325_1_09_20181001-multires 3342 30142 3
001738-000325_1_09_20181001-multires 6452 28295 3
001738-000325_1_09_20181001-multires 5138 27631 3
001738-000325_1_09_20181001-multires 4755 27608 3
001738-000325_1_09_20181001-multires 6678 27626 3
001738-000325_1_09_20181001-multires 11097 27043 3
001738-000325_1_09_20181001-multires 11276 26937 3
001738-000325_1_09_20181001-multires 6414 26953 3
001738-000325_1_09_20181001-multires 6848 26837 3
001738-000325_1_09_20181001-multires 6654 26900 3
001738-000325_1_09_20181001-multires 5504 26807 3
001738-000325_1_09_20181001-multires 8047 26745 3
001738-000325_1_09_20181001-multires 11094 26671 3
001738-000325_1_09_20181001-multires 12380 26553 3
001738-000325_1_09_20181001-multires 5093 26516 3
001738-000325_1_09_20181001-multires 4802 26543 3
001738-000325_1_09_20181001-multires 7924 26382 3
001738-000325_1_09_20181001-multires 18218 26350 3
001738-000325_1_09_20181001-multires 7752 26389 3
001738-000325_1_09_20181001-multires 7386 26573 3
001738-000325_1_09_20181001-multires 5702 26553 3
001738-000325_1_09_20181001-multires 12182 26318 3
001738-000325_1_09_20181001-multires 5163 26215 3
001738-000325_1_09_20181001-multires 4832 26144 3
001738-000325_1_09_20181001-multires 11865 26054 3
001738-000325_1_09_20181001-multires 18255 26008 3
001738-000325_1_09_20181001-multires 8486 25975 3
001738-000325_1_09_20181001-multires 5628 25963 3
001738-000325_1_09_20181001-multires 9712 25816 3
001738-000325_1_09_20181001-multires 7423 25734 3
001738-000325_1_09_20181001-multires 18095 25689 3
001738-000325_1_09_20181001-multires 11916 25658 3
001738-000325_1_09_20181001-multires 9135 25465 3
001738-000325_1_09_20181001-multires 5641 25544 3
001738-000325_1_09_20181001-multires 6111 25403 3
001738-000325_1_09_20181001-multires 8132 25310 3
001738-000325_1_09_20181001-multires 5469 25323 3
001738-000325_1_09_20181001-multires 12513 25303 3
001738-000325_1_09_20181001-multires 9797 25192 3
001738-000325_1_09_20181001-multires 6362 25208 3
001738-000325_1_09_20181001-multires 9402 24954 3
001738-000325_1_09_20181001-multires 18482 25310 3
001738-000325_1_09_20181001-multires 4507 24815 3
001738-000325_1_09_20181001-multires 13342 24627 3
001738-000325_1_09_20181001-multires 13499 24481 3
001738-000325_1_09_20181001-multires 13952 24553 3
001738-000325_1_09_20181001-multires 13089 24361 3
001738-000325_1_09_20181001-multires 5303 24464 3
001738-000325_1_09_20181001-multires 13539 24241 3
001738-000325_1_09_20181001-multires 5905 24150 3
001738-000325_1_09_20181001-multires 8250 23970 3
001738-000325_1_09_20181001-multires 18615 24042 3
001738-000325_1_09_20181001-multires 5464 23984 3
001738-000325_1_09_20181001-multires 18399 23800 3
001738-000325_1_09_20181001-multires 14370 23747 3
001738-000325_1_09_20181001-multires 5884 23707 3
001738-000325_1_09_20181001-multires 14625 23515 3
001738-000325_1_09_20181001-multires 14324 23577 3
001738-000325_1_09_20181001-multires 4832 23801 3
001738-000325_1_09_20181001-multires 6153 23526 3
001738-000325_1_09_20181001-multires 18246 23469 3
001738-000325_1_09_20181001-multires 5683 23373 3
001738-000325_1_09_20181001-multires 14360 23277 3
001738-000325_1_09_20181001-multires 4978 23306 3
001738-000325_1_09_20181001-multires 5259 23106 3
001738-000325_1_09_20181001-multires 19050 22876 3
001738-000325_1_09_20181001-multires 6227 22951 3
001738-000325_1_09_20181001-multires 18644 22999 3
001738-000325_1_09_20181001-multires 10800 22706 3
001738-000325_1_09_20181001-multires 18019 22688 3
001738-000325_1_09_20181001-multires 9255 22707 3
001738-000325_1_09_20181001-multires 7689 22669 3
001738-000325_1_09_20181001-multires 17599 22753 3
001738-000325_1_09_20181001-multires 16119 22610 3
001738-000325_1_09_20181001-multires 16378 22436 3
001738-000325_1_09_20181001-multires 10845 22372 3
001738-000325_1_09_20181001-multires 9176 22157 3
001738-000325_1_09_20181001-multires 16827 22091 3
001738-000325_1_09_20181001-multires 6127 22066 3
001738-000325_1_09_20181001-multires 7161 21879 3
001738-000325_1_09_20181001-multires 6123 21800 3
001738-000325_1_09_20181001-multires 16375 21952 3
001738-000325_1_09_20181001-multires 17805 21841 3
001738-000325_1_09_20181001-multires 6499 21628 3
001738-000325_1_09_20181001-multires 16605 21703 3
001738-000325_1_09_20181001-multires 5717 22331 3
001738-000325_1_09_20181001-multires 18576 21976 3
001738-000325_1_09_20181001-multires 18121 21692 3
001738-000325_1_09_20181001-multires 18790 21493 3
001738-000325_1_09_20181001-multires 15860 21439 3
001738-000325_1_09_20181001-multires 6231 21469 3
001738-000325_1_09_20181001-multires 17342 21431 3
001738-000325_1_09_20181001-multires 16365 21382 3
001738-000325_1_09_20181001-multires 17231 21231 3
001738-000325_1_09_20181001-multires 17487 21198 3
001738-000325_1_09_20181001-multires 16678 21261 3
001738-000325_1_09_20181001-multires 17831 21195 3
001738-000325_1_09_20181001-multires 17474 20863 3
001738-000325_1_09_20181001-multires 16787 20847 3
001738-000325_1_09_20181001-multires 14962 20821 3
001738-000325_1_09_20181001-multires 16665 20635 3
001738-000325_1_09_20181001-multires 17593 20530 3
001738-000325_1_09_20181001-multires 17046 20598 3
001738-000325_1_09_20181001-multires 15768 20347 3
001738-000325_1_09_20181001-multires 16462 20255 3
001738-000325_1_09_20181001-multires 14634 20272 3
001738-000325_1_09_20181001-multires 16278 20012 3
001738-000325_1_09_20181001-multires 12634 19697 3
001738-000325_1_09_20181001-multires 11380 19671 3
001738-000325_1_09_20181001-multires 16565 19697 3
001738-000325_1_09_20181001-multires 12241 19716 3
001738-000325_1_09_20181001-multires 11802 19528 3
001738-000325_1_09_20181001-multires 14202 19572 3
001738-000325_1_09_20181001-multires 11981 19481 3
001738-000325_1_09_20181001-multires 9752 19574 3
001738-000325_1_09_20181001-multires 10742 19451 3
001738-000325_1_09_20181001-multires 10053 19427 3
001738-000325_1_09_20181001-multires 10294 19390 3
001738-000325_1_09_20181001-multires 9344 19413 3
001738-000325_1_09_20181001-multires 12970 19333 3
001738-000325_1_09_20181001-multires 13216 19265 3
001738-000325_1_09_20181001-multires 10758 19226 3
001738-000325_1_09_20181001-multires 10483 19242 3
001738-000325_1_09_20181001-multires 8340 19306 3
001738-000325_1_09_20181001-multires 11245 19134 3
001738-000325_1_09_20181001-multires 15394 19016 3
001738-000325_1_09_20181001-multires 13395 19104 3
001738-000325_1_09_20181001-multires 12017 19074 3
001738-000325_1_09_20181001-multires 9251 18919 3
001738-000325_1_09_20181001-multires 8917 18938 3
001738-000325_1_09_20181001-multires 11875 18834 3
001738-000325_1_09_20181001-multires 8402 18913 3
001738-000325_1_09_20181001-multires 13180 18684 3
001738-000325_1_09_20181001-multires 15443 18579 3
001738-000325_1_09_20181001-multires 16215 18339 3
001738-000325_1_09_20181001-multires 15061 18329 3
001738-000325_1_09_20181001-multires 14709 18367 3
001738-000325_1_09_20181001-multires 10361 18212 3
001738-000325_1_09_20181001-multires 16254 18098 3
001738-000325_1_09_20181001-multires 14426 18309 3
001738-000325_1_09_20181001-multires 8661 18274 3
001738-000325_1_09_20181001-multires 15770 18304 3
001738-000325_1_09_20181001-multires 16101 17655 3
001738-000325_1_09_20181001-multires 13816 17639 3
001738-000325_1_09_20181001-multires 14192 17502 3
001738-000325_1_09_20181001-multires 15902 17417 3
001738-000325_1_09_20181001-multires 16830 17475 3
001738-000325_1_09_20181001-multires 14612 17609 3
001738-000325_1_09_20181001-multires 16152 17253 3
001738-000325_1_09_20181001-multires 13621 17262 3
001738-000325_1_09_20181001-multires 16503 17163 3
001738-000325_1_09_20181001-multires 14271 17101 3
001738-000325_1_09_20181001-multires 17047 17076 3
001738-000325_1_09_20181001-multires 9992 17275 3
001738-000325_1_09_20181001-multires 13254 17133 3
001738-000325_1_09_20181001-multires 8732 17209 3
001738-000325_1_09_20181001-multires 13789 16929 3
001738-000325_1_09_20181001-multires 14566 16754 3
001738-000325_1_09_20181001-multires 9089 16881 3
001738-000325_1_09_20181001-multires 14164 16740 3
001738-000325_1_09_20181001-multires 14793 16495 3
001738-000325_1_09_20181001-multires 13623 16489 3
001738-000325_1_09_20181001-multires 12882 16792 3
001738-000325_1_09_20181001-multires 14095 16468 3
001738-000325_1_09_20181001-multires 17527 16348 3
001738-000325_1_09_20181001-multires 12659 16324 3
001738-000325_1_09_20181001-multires 16509 16194 3
001738-000325_1_09_20181001-multires 14385 16156 3
001738-000325_1_09_20181001-multires 17798 16105 3
001738-000325_1_09_20181001-multires 16958 16380 3
001738-000325_1_09_20181001-multires 12412 16093 3
001738-000325_1_09_20181001-multires 12002 15612 3
001738-000325_1_09_20181001-multires 12259 15541 3
001738-000325_1_09_20181001-multires 15835 15136 3
001738-000325_1_09_20181001-multires 15987 15030 3
001738-000325_1_09_20181001-multires 16606 14290 3
001738-000325_1_09_20181001-multires 19315 14460 3
001738-000325_1_09_20181001-multires 15390 14269 3
001738-000325_1_09_20181001-multires 18751 14159 3
001738-000325_1_09_20181001-multires 16603 13888 3
001738-000325_1_09_20181001-multires 19205 13912 3
001738-000325_1_09_20181001-multires 17658 13783 3
001738-000325_1_09_20181001-multires 18821 13638 3
001738-000325_1_09_20181001-multires 18794 13639 3
001738-000325_1_09_20181001-multires 13179 13635 3
001738-000325_1_09_20181001-multires 13175 13671 3
001738-000325_1_09_20181001-multires 16702 13266 3
001738-000325_1_09_20181001-multires 34183 13060 3
001738-000325_1_09_20181001-multires 19110 13201 3
001738-000325_1_09_20181001-multires 18637 13152 3
001738-000325_1_09_20181001-multires 33717 12898 3
001738-000325_1_09_20181001-multires 16680 12776 3
001738-000325_1_09_20181001-multires 17012 12700 3
001738-000325_1_09_20181001-multires 16937 12326 3
001738-000325_1_09_20181001-multires 18094 12757 3
001738-000325_1_09_20181001-multires 17200 12095 3
001738-000325_1_09_20181001-multires 18938 11998 3
001738-000325_1_09_20181001-multires 17146 11694 3
001738-000325_1_09_20181001-multires 18605 11892 3
001738-000325_1_09_20181001-multires 16691 11624 3
001738-000325_1_09_20181001-multires 16333 11529 3
001738-000325_1_09_20181001-multires 33105 11278 3
001738-000325_1_09_20181001-multires 16612 11054 3
001738-000325_1_09_20181001-multires 15805 10940 3
001738-000325_1_09_20181001-multires 17819 10917 3
001738-000325_1_09_20181001-multires 16158 10848 3
001738-000325_1_09_20181001-multires 15580 10548 3
001738-000325_1_09_20181001-multires 16201 10436 3
001738-000325_1_09_20181001-multires 15760 10230 3
001738-000325_1_09_20181001-multires 32858 10012 3
001738-000325_1_09_20181001-multires 15908 9973 3
001738-000325_1_09_20181001-multires 15975 9710 3
001738-000325_1_09_20181001-multires 15491 9508 3
001738-000325_1_09_20181001-multires 15763 9050 3
001738-000325_1_09_20181001-multires 17209 8965 3
001738-000325_1_09_20181001-multires 15841 8837 3
001738-000325_1_09_20181001-multires 25459 8057 3
001738-000325_1_09_20181001-multires 27888 8115 3
001738-000325_1_09_20181001-multires 35815 8004 3
001738-000325_1_09_20181001-multires 25694 7778 3
001738-000325_1_09_20181001-multires 35123 7604 3
001738-000325_1_09_20181001-multires 26527 7524 3
001738-000325_1_09_20181001-multires 26866 7550 3
001738-000325_1_09_20181001-multires 26084 7406 3
001738-000325_1_09_20181001-multires 34376 7231 3
001738-000325_1_09_20181001-multires 22686 7243 3
001738-000325_1_09_20181001-multires 26744 7260 3
001738-000325_1_09_20181001-multires 26553 7182 3
001738-000325_1_09_20181001-multires 25756 7004 3
001738-000325_1_09_20181001-multires 29229 6986 3
001738-000325_1_09_20181001-multires 25332 7074 3
001738-000325_1_09_20181001-multires 26500 6843 3
001738-000325_1_09_20181001-multires 22160 6796 3
001738-000325_1_09_20181001-multires 25883 6795 3
001738-000325_1_09_20181001-multires 25533 6753 3
001738-000325_1_09_20181001-multires 21897 6645 3
001738-000325_1_09_20181001-multires 19503 6410 3
001738-000325_1_09_20181001-multires 15624 17674 4
001738-000325_1_09_20181001-multires 33042 7684 4
001738-000325_1_09_20181001-multires 30225 17930 4
001738-000325_1_09_20181001-multires 28944 30225 4
001738-000325_1_09_20181001-multires 19979 33811 4
001738-000325_1_09_20181001-multires 33811 11526 4
001738-000325_1_09_20181001-multires 27151 34579 4
001738-000325_1_09_20181001-multires 7172 27407 4
001738-000325_1_09_20181001-multires 5379 29712 4
001738-000325_1_09_20181001-multires 22540 33555 4
001738-000325_1_09_20181001-multires 18698 9733 4
001738-000325_1_09_20181001-multires 25358 34323 4
001738-000325_1_09_20181001-multires 34323 7684 4
001738-000325_1_09_20181001-multires 33042 9733 4
001738-000325_1_09_20181001-multires 27151 33555 4
001738-000325_1_09_20181001-multires 28432 29712 4
001738-000325_1_09_20181001-multires 15112 9989 4
001738-000325_1_09_20181001-multires 17930 7428 4
001738-000325_1_09_20181001-multires 24589 29969 4
001738-000325_1_09_20181001-multires 33298 12038 4
001738-000325_1_09_20181001-multires 26049 34790 4
001738-000325_1_09_20181001-multires 3990 32101 4
001738-000325_1_09_20181001-multires 24429 32368 4
001738-000325_1_09_20181001-multires 21364 33854 4
001738-000325_1_09_20181001-multires 23395 33284 4
001738-000325_1_09_20181001-multires 20514 33031 4
001738-000325_1_09_20181001-multires 25157 31243 4
001738-000325_1_09_20181001-multires 6739 27752 4
001738-000325_1_09_20181001-multires 12028 25943 4
001738-000325_1_09_20181001-multires 11769 25855 4
001738-000325_1_09_20181001-multires 18305 25633 4
001738-000325_1_09_20181001-multires 12764 25271 4
001738-000325_1_09_20181001-multires 13705 24696 4
001738-000325_1_09_20181001-multires 13343 24319 4
001738-000325_1_09_20181001-multires 18024 24898 4
001738-000325_1_09_20181001-multires 14218 23907 4
001738-000325_1_09_20181001-multires 5475 22901 4
001738-000325_1_09_20181001-multires 5680 22529 4
001738-000325_1_09_20181001-multires 5636 27062 4
001738-000325_1_09_20181001-multires 3814 31490 4
001738-000325_1_09_20181001-multires 4729 30765 4
001738-000325_1_09_20181001-multires 4757 27639 4
001738-000325_1_09_20181001-multires 5148 27626 4
001738-000325_1_09_20181001-multires 6635 26893 4
001738-000325_1_09_20181001-multires 4808 26551 4
001738-000325_1_09_20181001-multires 7556 26494 4
001738-000325_1_09_20181001-multires 3435 26126 4
001738-000325_1_09_20181001-multires 5132 26350 4
001738-000325_1_09_20181001-multires 4830 26155 4
001738-000325_1_09_20181001-multires 7426 25742 4
001738-000325_1_09_20181001-multires 6617 25552 4
001738-000325_1_09_20181001-multires 7569 25431 4
001738-000325_1_09_20181001-multires 5619 26027 4
001738-000325_1_09_20181001-multires 6215 25252 4
001738-000325_1_09_20181001-multires 5309 24462 4
001738-000325_1_09_20181001-multires 7797 23203 4
001738-000325_1_09_20181001-multires 7699 22668 4
001738-000325_1_09_20181001-multires 7171 21873 4
001738-000325_1_09_20181001-multires 17900 21517 4
001738-000325_1_09_20181001-multires 17602 21053 4
001738-000325_1_09_20181001-multires 16858 21055 4
001738-000325_1_09_20181001-multires 19078 22191 4
001738-000325_1_09_20181001-multires 16978 20820 4
001738-000325_1_09_20181001-multires 10196 19243 4
001738-000325_1_09_20181001-multires 10058 20805 4
001738-000325_1_09_20181001-multires 9267 22707 4
001738-000325_1_09_20181001-multires 10842 22368 4
001738-000325_1_09_20181001-multires 9176 22157 4
001738-000325_1_09_20181001-multires 10483 21303 4
001738-000325_1_09_20181001-multires 11354 19656 4
001738-000325_1_09_20181001-multires 12226 19671 4
001738-000325_1_09_20181001-multires 9345 19408 4
001738-000325_1_09_20181001-multires 11869 19038 4
001738-000325_1_09_20181001-multires 8442 19052 4
001738-000325_1_09_20181001-multires 9067 18860 4
001738-000325_1_09_20181001-multires 8664 18299 4
001738-000325_1_09_20181001-multires 10533 17695 4
001738-000325_1_09_20181001-multires 17482 16177 4
001738-000325_1_09_20181001-multires 31554 16501 4
001738-000325_1_09_20181001-multires 15806 9776 4
001738-000325_1_09_20181001-multires 32790 11706 4
001738-000325_1_09_20181001-multires 33722 12879 4
001738-000325_1_09_20181001-multires 33105 11283 4
001738-000325_1_09_20181001-multires 32855 10015 4
001738-000325_1_09_20181001-multires 15419 9348 4
001738-000325_1_09_20181001-multires 33872 7752 4
001738-000325_1_09_20181001-multires 35127 7596 4
001738-000325_1_09_20181001-multires 34630 7289 4
001738-000325_1_09_20181001-multires 34381 7235 4
001738-000325_1_09_20181001-multires 27246 7186 4
001738-000325_1_09_20181001-multires 25599 7875 4
001738-000325_1_09_20181001-multires 26734 7423 4
001738-000325_1_09_20181001-multires 29227 6999 4
001738-000325_1_09_20181001-multires 26517 6832 4
001738-000325_1_09_20181001-multires 25720 6975 4
001738-000325_1_09_20181001-multires 18609 11524 4
001738-000325_1_09_20181001-multires 16387 20147 4
001738-000325_1_09_20181001-multires 16563 19706 4
001738-000325_1_09_20181001-multires 15070 18341 4
001738-000325_1_09_20181001-multires 15673 18353 4
001738-000325_1_09_20181001-multires 15311 17942 4
001738-000325_1_09_20181001-multires 15316 17491 4
001738-000325_1_09_20181001-multires 16049 17588 4
001738-000325_1_09_20181001-multires 16155 17239 4
001738-000325_1_09_20181001-multires 15909 15051 4
001738-000325_1_09_20181001-multires 16596 14293 4
001738-000325_1_09_20181001-multires 15369 14227 4
001738-000325_1_09_20181001-multires 16591 13882 4
001738-000325_1_09_20181001-multires 19108 13181 4
001738-000325_1_09_20181001-multires 18614 13467 4
001738-000325_1_09_20181001-multires 17213 12105 4
001738-000325_1_09_20181001-multires 18739 11936 4
001738-000325_1_09_20181001-multires 17146 11692 4
001738-000325_1_09_20181001-multires 17966 11401 4
001738-000325_1_09_20181001-multires 17809 10891 4
001738-000325_1_09_20181001-multires 17274 8934 4
001738-000325_1_09_20181001-multires 22014 6714 4
001738-000325_1_09_20181001-multires 19502 6412 4
001738-000325_1_09_20181001-multires 13363 6992 4
