001738-000097_1_05_20180822-multires 14404 6337 0
001738-000097_1_05_20180822-multires 38602 16996 0
001738-000097_1_05_20180822-multires 40043 17572 0
001738-000097_1_05_20180822-multires 32841 8354 0
001738-000097_1_05_20180822-multires 14115 6337 0
001738-000097_1_05_20180822-multires 18725 8930 0
001738-000097_1_05_20180822-multires 17572 7490 0
001738-000097_1_05_20180822-multires 18437 6049 0
001738-000097_1_05_20180822-multires 19301 5473 0
001738-000097_1_05_20180822-multires 40043 17284 0
001738-000097_1_05_20180822-multires 19301 8930 0
001738-000097_1_05_20180822-multires 15556 7778 0
001738-000097_1_05_20180822-multires 14692 8066 0
001738-000097_1_05_20180822-multires 15268 6049 0
001738-000097_1_05_20180822-multires 16996 4897 0
001738-000097_1_05_20180822-multires 19301 6913 0
001738-000097_1_05_20180822-multires 18149 7490 0
001738-000097_1_05_20180822-multires 38890 17860 0
001738-000097_1_05_20180822-multires 39178 18725 0
001738-000097_1_05_20180822-multires 31400 8930 0
001738-000097_1_05_20180822-multires 38408 18017 0
001738-000097_1_05_20180822-multires 32064 8503 0
001738-000097_1_05_20180822-multires 16885 6999 0
001738-000097_1_05_20180822-multires 13251 48685 1
001738-000097_1_05_20180822-multires 10082 48685 1
001738-000097_1_05_20180822-multires 7202 37738 1
001738-000097_1_05_20180822-multires 5761 45804 1
001738-000097_1_05_20180822-multires 8066 36874 1
001738-000097_1_05_20180822-multires 10658 44652 1
001738-000097_1_05_20180822-multires 14404 44364 1
001738-000097_1_05_20180822-multires 12963 43788 1
001738-000097_1_05_20180822-multires 11235 44364 1
001738-000097_1_05_20180822-multires 6625 45228 1
001738-000097_1_05_20180822-multires 14115 48397 1
001738-000097_1_05_20180822-multires 12099 41483 1
001738-000097_1_05_20180822-multires 12387 48973 1
001738-000097_1_05_20180822-multires 14980 47533 1
001738-000097_1_05_20180822-multires 8642 48973 1
001738-000097_1_05_20180822-multires 16420 43212 1
001738-000097_1_05_20180822-multires 8066 35145 1
001738-000097_1_05_20180822-multires 12099 43500 1
001738-000097_1_05_20180822-multires 9218 48685 1
001738-000097_1_05_20180822-multires 15268 48685 1
001738-000097_1_05_20180822-multires 9947 49121 1
001738-000097_1_05_20180822-multires 14694 47909 1
001738-000097_1_05_20180822-multires 6083 46375 1
001738-000097_1_05_20180822-multires 12758 44600 1
001738-000097_1_05_20180822-multires 15506 43072 1
001738-000097_1_05_20180822-multires 12328 41244 1
001738-000097_1_05_20180822-multires 6622 39158 1
001738-000097_1_05_20180822-multires 8269 35552 1
