001738-000112_1_20_20180822-multires 47816 14978 1
001738-000112_1_20_20180822-multires 33989 14402 1
001738-000112_1_20_20180822-multires 51849 12386 1
001738-000112_1_20_20180822-multires 28516 20163 1
001738-000112_1_20_20180822-multires 55017 16418 1
001738-000112_1_20_20180822-multires 54441 18147 1
001738-000112_1_20_20180822-multires 28516 19587 1
001738-000112_1_20_20180822-multires 60490 19587 1
001738-000112_1_20_20180822-multires 34566 15554 1
001738-000112_1_20_20180822-multires 50696 12674 1
001738-000112_1_20_20180822-multires 26500 5184 1
001738-000112_1_20_20180822-multires 36582 16706 1
001738-000112_1_20_20180822-multires 49256 17571 1
001738-000112_1_20_20180822-multires 48104 16706 1
001738-000112_1_20_20180822-multires 54441 18723 1
001738-000112_1_20_20180822-multires 31109 18435 1
001738-000112_1_20_20180822-multires 55305 16418 1
001738-000112_1_20_20180822-multires 51272 15266 1
001738-000112_1_20_20180822-multires 50120 13538 1
001738-000112_1_20_20180822-multires 52713 16130 1
001738-000112_1_20_20180822-multires 30996 18624 1
001738-000112_1_20_20180822-multires 58696 17649 1
001738-000112_1_20_20180822-multires 35698 14983 1
001738-000112_1_20_20180822-multires 50578 15759 1
001738-000112_1_20_20180822-multires 28315 5293 1
