001738-000060_1_06_20180724-multires 30731 38414 1
001738-000060_1_06_20180724-multires 26378 29451 1
001738-000060_1_06_20180724-multires 27402 20487 1
001738-000060_1_06_20180724-multires 27402 35341 1
001738-000060_1_06_20180724-multires 32524 23817 1
001738-000060_1_06_20180724-multires 23305 32524 1
001738-000060_1_06_20180724-multires 24841 26378 1
001738-000060_1_06_20180724-multires 28427 33292 1
001738-000060_1_06_20180724-multires 25866 20744 1
001738-000060_1_06_20180724-multires 27914 26378 1
001738-000060_1_06_20180724-multires 31756 26890 1
001738-000060_1_06_20180724-multires 37390 23817 1
001738-000060_1_06_20180724-multires 27146 30731 1
001738-000060_1_06_20180724-multires 30475 21512 1
001738-000060_1_06_20180724-multires 25353 32268 1
001738-000060_1_06_20180724-multires 33549 25866 1
001738-000060_1_06_20180724-multires 27914 19975 1
001738-000060_1_06_20180724-multires 25609 24585 1
001738-000060_1_06_20180724-multires 37390 24841 1
001738-000060_1_06_20180724-multires 34061 24073 1
001738-000060_1_06_20180724-multires 28177 32935 1
001738-000060_1_06_20180724-multires 37522 25554 1
001738-000060_1_06_20180724-multires 28549 23920 1
