001738-000088_1_10_20180814-multires 26384 32532 0
001738-000088_1_10_20180814-multires 34069 8965 0
001738-000088_1_10_20180814-multires 50976 10502 0
001738-000088_1_10_20180814-multires 27665 31764 0
001738-000088_1_10_20180814-multires 34838 9221 0
001738-000088_1_10_20180814-multires 29458 32276 0
001738-000088_1_10_20180814-multires 27665 34069 0
001738-000088_1_10_20180814-multires 28177 32020 0
001738-000088_1_10_20180814-multires 28690 31251 0
001738-000088_1_10_20180814-multires 33044 11527 0
001738-000088_1_10_20180814-multires 31251 10758 0
001738-000088_1_10_20180814-multires 27665 29458 0
001738-000088_1_10_20180814-multires 29458 29458 0
001738-000088_1_10_20180814-multires 35606 10502 0
001738-000088_1_10_20180814-multires 27665 34325 0
001738-000088_1_10_20180814-multires 29714 11014 0
001738-000088_1_10_20180814-multires 28690 31507 0
001738-000088_1_10_20180814-multires 28946 28946 0
001738-000088_1_10_20180814-multires 33557 8965 0
001738-000088_1_10_20180814-multires 32276 8965 0
001738-000088_1_10_20180814-multires 28273 31304 0
001738-000088_1_10_20180814-multires 51470 10427 0
001738-000088_1_10_20180814-multires 33626 10544 0
001738-000088_1_10_20180814-multires 44059 32532 1
001738-000088_1_10_20180814-multires 50463 30483 1
001738-000088_1_10_20180814-multires 53281 38168 1
001738-000088_1_10_20180814-multires 46621 34325 1
001738-000088_1_10_20180814-multires 43803 29970 1
001738-000088_1_10_20180814-multires 53281 33557 1
001738-000088_1_10_20180814-multires 60198 17931 1
001738-000088_1_10_20180814-multires 52769 29202 1
001738-000088_1_10_20180814-multires 47646 30483 1
001738-000088_1_10_20180814-multires 43547 30739 1
001738-000088_1_10_20180814-multires 43547 33044 1
001738-000088_1_10_20180814-multires 50463 31251 1
001738-000088_1_10_20180814-multires 42779 31507 1
001738-000088_1_10_20180814-multires 50720 38424 1
001738-000088_1_10_20180814-multires 50463 32788 1
001738-000088_1_10_20180814-multires 47646 30227 1
001738-000088_1_10_20180814-multires 49183 29458 1
001738-000088_1_10_20180814-multires 59429 16650 1
001738-000088_1_10_20180814-multires 49439 29970 1
001738-000088_1_10_20180814-multires 46365 32788 1
001738-000088_1_10_20180814-multires 52687 37359 1
001738-000088_1_10_20180814-multires 47845 32100 1
001738-000088_1_10_20180814-multires 48320 32006 1
001738-000088_1_10_20180814-multires 52647 29859 1
001738-000088_1_10_20180814-multires 60735 17907 1
