001738-000113_1_21_20180822-multires 14598 4866 0
001738-000113_1_21_20180822-multires 14342 4097 0
001738-000113_1_21_20180822-multires 13574 4866 0
001738-000113_1_21_20180822-multires 13318 3841 0
001738-000113_1_21_20180822-multires 14598 3841 0
001738-000113_1_21_20180822-multires 14598 4354 0
001738-000113_1_21_20180822-multires 14598 3585 0
001738-000113_1_21_20180822-multires 13830 4354 0
001738-000113_1_21_20180822-multires 14086 4354 0
001738-000113_1_21_20180822-multires 13830 3073 0
001738-000113_1_21_20180822-multires 14342 4866 0
001738-000113_1_21_20180822-multires 14086 5122 0
001738-000113_1_21_20180822-multires 14086 5378 0
001738-000113_1_21_20180822-multires 13574 3585 0
001738-000113_1_21_20180822-multires 13318 3073 0
001738-000113_1_21_20180822-multires 13062 3329 0
001738-000113_1_21_20180822-multires 13574 4354 0
001738-000113_1_21_20180822-multires 13062 3073 0
001738-000113_1_21_20180822-multires 15111 5378 0
001738-000113_1_21_20180822-multires 13574 4610 0
001738-000113_1_21_20180822-multires 14150 4390 0
001738-000113_1_21_20180822-multires 63774 23050 1
001738-000113_1_21_20180822-multires 39954 9476 1
001738-000113_1_21_20180822-multires 66335 18440 1
001738-000113_1_21_20180822-multires 45077 33551 1
001738-000113_1_21_20180822-multires 58139 13318 1
001738-000113_1_21_20180822-multires 45589 33295 1
001738-000113_1_21_20180822-multires 63261 22538 1
001738-000113_1_21_20180822-multires 43796 31502 1
001738-000113_1_21_20180822-multires 66079 18696 1
001738-000113_1_21_20180822-multires 47382 32783 1
001738-000113_1_21_20180822-multires 43284 31758 1
001738-000113_1_21_20180822-multires 43540 32015 1
001738-000113_1_21_20180822-multires 45333 32015 1
001738-000113_1_21_20180822-multires 46357 31246 1
001738-000113_1_21_20180822-multires 57627 13830 1
001738-000113_1_21_20180822-multires 46870 32271 1
001738-000113_1_21_20180822-multires 43796 32271 1
001738-000113_1_21_20180822-multires 45589 32527 1
001738-000113_1_21_20180822-multires 54297 11781 1
001738-000113_1_21_20180822-multires 43540 32271 1
001738-000113_1_21_20180822-multires 45205 32485 1
001738-000113_1_21_20180822-multires 62978 22595 1
001738-000113_1_21_20180822-multires 66309 18266 1
001738-000113_1_21_20180822-multires 59660 14676 1
001738-000113_1_21_20180822-multires 58345 13662 1
001738-000113_1_21_20180822-multires 54421 11900 1
001738-000113_1_21_20180822-multires 40745 9260 1
