001738-000065_1_02_20180731-multires 53782 23817 1
001738-000065_1_02_20180731-multires 53782 20744 1
001738-000065_1_02_20180731-multires 52757 16646 1
001738-000065_1_02_20180731-multires 52245 16902 1
001738-000065_1_02_20180731-multires 52757 19976 1
001738-000065_1_02_20180731-multires 52245 22793 1
001738-000065_1_02_20180731-multires 54550 18439 1
001738-000065_1_02_20180731-multires 54806 20488 1
001738-000065_1_02_20180731-multires 54038 18439 1
001738-000065_1_02_20180731-multires 54038 23817 1
001738-000065_1_02_20180731-multires 54038 21512 1
001738-000065_1_02_20180731-multires 53525 19463 1
001738-000065_1_02_20180731-multires 54550 23561 1
001738-000065_1_02_20180731-multires 54550 18183 1
001738-000065_1_02_20180731-multires 52501 24073 1
001738-000065_1_02_20180731-multires 51733 14854 1
001738-000065_1_02_20180731-multires 51477 15366 1
001738-000065_1_02_20180731-multires 52245 22537 1
001738-000065_1_02_20180731-multires 52757 15622 1
001738-000065_1_02_20180731-multires 52757 23049 1
001738-000065_1_02_20180731-multires 53042 21335 1
001738-000065_1_02_20180731-multires 51721 14951 1
001738-000065_1_02_20180731-multires 52011 13000 1
