TCGA-EJ-7314-01Z-00-DX1 62632 54928 0
TCGA-EJ-7314-01Z-00-DX1 41721 23012 0
TCGA-EJ-7314-01Z-00-DX1 96750 24112 0
TCGA-EJ-7314-01Z-00-DX1 14207 46124 0
TCGA-EJ-7314-01Z-00-DX1 26313 64834 0
TCGA-EJ-7314-01Z-00-DX1 101153 18609 0
TCGA-EJ-7314-01Z-00-DX1 79141 53828 0
TCGA-EJ-7314-01Z-00-DX1 61532 68135 0
TCGA-EJ-7314-01Z-00-DX1 70336 39520 0
TCGA-EJ-7314-01Z-00-DX1 80242 37319 0
TCGA-EJ-7314-01Z-00-DX1 95650 24112 0
TCGA-EJ-7314-01Z-00-DX1 49425 21911 0
TCGA-EJ-7314-01Z-00-DX1 107756 27414 0
TCGA-EJ-7314-01Z-00-DX1 45023 64834 0
TCGA-EJ-7314-01Z-00-DX1 57130 16408 0
TCGA-EJ-7314-01Z-00-DX1 25213 52727 0
TCGA-EJ-7314-01Z-00-DX1 63733 40621 0
TCGA-EJ-7314-01Z-00-DX1 45023 46124 0
TCGA-EJ-7314-01Z-00-DX1 19710 52727 0
TCGA-EJ-7314-01Z-00-DX1 80242 10905 0
TCGA-EJ-7314-01Z-00-DX1 36606 52700 0
TCGA-EJ-7314-01Z-00-DX1 25603 51266 0
TCGA-EJ-7314-01Z-00-DX1 14252 52740 0
TCGA-EJ-7314-01Z-00-DX1 10302 36957 0
TCGA-EJ-7314-01Z-00-DX1 58245 43238 0
TCGA-EJ-7314-01Z-00-DX1 29736 30638 0
TCGA-EJ-7314-01Z-00-DX1 4060 22930 0
TCGA-EJ-7314-01Z-00-DX1 32369 15604 0
TCGA-EJ-7314-01Z-00-DX1 68968 15685 0
TCGA-EJ-7314-01Z-00-DX1 27156 3104 0
TCGA-EJ-7314-01Z-00-DX1 84904 8429 0
TCGA-EJ-7314-01Z-00-DX1 46362 10597 0
TCGA-EJ-7314-01Z-00-DX1 32917 70336 1
TCGA-EJ-7314-01Z-00-DX1 64834 31816 1
TCGA-EJ-7314-01Z-00-DX1 30716 25213 1
TCGA-EJ-7314-01Z-00-DX1 56029 37319 1
TCGA-EJ-7314-01Z-00-DX1 69236 36219 1
TCGA-EJ-7314-01Z-00-DX1 36219 53828 1
TCGA-EJ-7314-01Z-00-DX1 69236 35118 1
TCGA-EJ-7314-01Z-00-DX1 65934 34017 1
TCGA-EJ-7314-01Z-00-DX1 63733 31816 1
TCGA-EJ-7314-01Z-00-DX1 39520 57130 1
TCGA-EJ-7314-01Z-00-DX1 63733 35118 1
TCGA-EJ-7314-01Z-00-DX1 71437 32917 1
TCGA-EJ-7314-01Z-00-DX1 37319 56029 1
TCGA-EJ-7314-01Z-00-DX1 60431 30716 1
TCGA-EJ-7314-01Z-00-DX1 43923 65934 1
TCGA-EJ-7314-01Z-00-DX1 70336 34017 1
TCGA-EJ-7314-01Z-00-DX1 68135 31816 1
TCGA-EJ-7314-01Z-00-DX1 72538 34017 1
TCGA-EJ-7314-01Z-00-DX1 43923 5402 1
TCGA-EJ-7314-01Z-00-DX1 53828 38420 1
TCGA-EJ-7314-01Z-00-DX1 39126 60775 1
TCGA-EJ-7314-01Z-00-DX1 23334 60447 1
TCGA-EJ-7314-01Z-00-DX1 32470 57375 1
TCGA-EJ-7314-01Z-00-DX1 33583 56022 1
TCGA-EJ-7314-01Z-00-DX1 29367 51296 1
TCGA-EJ-7314-01Z-00-DX1 32617 50444 1
TCGA-EJ-7314-01Z-00-DX1 28596 46294 1
TCGA-EJ-7314-01Z-00-DX1 25780 43842 1
TCGA-EJ-7314-01Z-00-DX1 22006 43284 1
TCGA-EJ-7314-01Z-00-DX1 59599 27322 1
TCGA-EJ-7314-01Z-00-DX1 46652 28615 1
TCGA-EJ-7314-01Z-00-DX1 60967 23831 1
TCGA-EJ-7314-01Z-00-DX1 54561 22849 1
TCGA-EJ-7314-01Z-00-DX1 27580 16100 1
TCGA-EJ-7314-01Z-00-DX1 20829 15604 1
TCGA-EJ-7314-01Z-00-DX1 16013 11900 1
TCGA-EJ-7314-01Z-00-DX1 23609 12983 1
TCGA-EJ-7314-01Z-00-DX1 17702 11713 1
TCGA-EJ-7314-01Z-00-DX1 17027 9251 1
TCGA-EJ-7314-01Z-00-DX1 21238 9256 1
TCGA-EJ-7314-01Z-00-DX1 25823 8100 1
TCGA-EJ-7314-01Z-00-DX1 36219 7603 2
TCGA-EJ-7314-01Z-00-DX1 27414 7603 2
TCGA-EJ-7314-01Z-00-DX1 27414 13106 2
TCGA-EJ-7314-01Z-00-DX1 23012 18609 2
TCGA-EJ-7314-01Z-00-DX1 17509 63733 2
TCGA-EJ-7314-01Z-00-DX1 37319 21911 2
TCGA-EJ-7314-01Z-00-DX1 35118 56029 2
TCGA-EJ-7314-01Z-00-DX1 46124 5402 2
TCGA-EJ-7314-01Z-00-DX1 27414 12006 2
TCGA-EJ-7314-01Z-00-DX1 6503 35118 2
TCGA-EJ-7314-01Z-00-DX1 25213 8704 2
TCGA-EJ-7314-01Z-00-DX1 30716 15308 2
TCGA-EJ-7314-01Z-00-DX1 10905 25213 2
TCGA-EJ-7314-01Z-00-DX1 5402 38420 2
TCGA-EJ-7314-01Z-00-DX1 5402 40621 2
TCGA-EJ-7314-01Z-00-DX1 30716 13106 2
TCGA-EJ-7314-01Z-00-DX1 29615 10905 2
TCGA-EJ-7314-01Z-00-DX1 40621 68135 2
TCGA-EJ-7314-01Z-00-DX1 31816 64834 2
TCGA-EJ-7314-01Z-00-DX1 39520 20810 2
TCGA-EJ-7314-01Z-00-DX1 33753 62360 2
TCGA-EJ-7314-01Z-00-DX1 30503 61334 2
TCGA-EJ-7314-01Z-00-DX1 33834 60798 2
TCGA-EJ-7314-01Z-00-DX1 29719 60288 2
TCGA-EJ-7314-01Z-00-DX1 20494 59867 2
TCGA-EJ-7314-01Z-00-DX1 39900 59762 2
TCGA-EJ-7314-01Z-00-DX1 32178 60144 2
TCGA-EJ-7314-01Z-00-DX1 29281 57170 2
TCGA-EJ-7314-01Z-00-DX1 25494 58417 2
TCGA-EJ-7314-01Z-00-DX1 8524 54108 2
TCGA-EJ-7314-01Z-00-DX1 21936 55167 2
TCGA-EJ-7314-01Z-00-DX1 30801 50978 2
TCGA-EJ-7314-01Z-00-DX1 28831 49660 2
TCGA-EJ-7314-01Z-00-DX1 29704 48947 2
TCGA-EJ-7314-01Z-00-DX1 14712 47427 2
TCGA-EJ-7314-01Z-00-DX1 2004 47470 2
TCGA-EJ-7314-01Z-00-DX1 32318 47252 2
TCGA-EJ-7314-01Z-00-DX1 32854 46461 2
TCGA-EJ-7314-01Z-00-DX1 15819 45426 2
TCGA-EJ-7314-01Z-00-DX1 36595 44132 2
TCGA-EJ-7314-01Z-00-DX1 21056 45233 2
TCGA-EJ-7314-01Z-00-DX1 40248 43516 2
TCGA-EJ-7314-01Z-00-DX1 17205 42795 2
TCGA-EJ-7314-01Z-00-DX1 35517 40529 2
TCGA-EJ-7314-01Z-00-DX1 38811 38589 2
TCGA-EJ-7314-01Z-00-DX1 14595 25946 2
TCGA-EJ-7314-01Z-00-DX1 11932 25415 2
TCGA-EJ-7314-01Z-00-DX1 12187 22813 2
TCGA-EJ-7314-01Z-00-DX1 11667 21862 2
TCGA-EJ-7314-01Z-00-DX1 9073 18873 2
TCGA-EJ-7314-01Z-00-DX1 18071 21038 2
TCGA-EJ-7314-01Z-00-DX1 28860 18499 2
TCGA-EJ-7314-01Z-00-DX1 4755 18023 2
TCGA-EJ-7314-01Z-00-DX1 29374 16845 2
TCGA-EJ-7314-01Z-00-DX1 23862 16532 2
TCGA-EJ-7314-01Z-00-DX1 3962 15228 2
TCGA-EJ-7314-01Z-00-DX1 25745 15723 2
TCGA-EJ-7314-01Z-00-DX1 20920 12042 2
TCGA-EJ-7314-01Z-00-DX1 30195 11870 2
TCGA-EJ-7314-01Z-00-DX1 18315 10887 2
TCGA-EJ-7314-01Z-00-DX1 26749 12047 2
TCGA-EJ-7314-01Z-00-DX1 28220 9331 2
TCGA-EJ-7314-01Z-00-DX1 13779 13145 2
TCGA-EJ-7314-01Z-00-DX1 36650 1950 2
TCGA-EJ-7314-01Z-00-DX1 17389 2504 2
TCGA-EJ-7314-01Z-00-DX1 59331 6503 3
TCGA-EJ-7314-01Z-00-DX1 50526 5402 3
TCGA-EJ-7314-01Z-00-DX1 49425 7603 3
TCGA-EJ-7314-01Z-00-DX1 58230 6503 3
TCGA-EJ-7314-01Z-00-DX1 59331 7603 3
TCGA-EJ-7314-01Z-00-DX1 49425 8704 3
TCGA-EJ-7314-01Z-00-DX1 47224 6503 3
TCGA-EJ-7314-01Z-00-DX1 52727 5402 3
TCGA-EJ-7314-01Z-00-DX1 48325 6503 3
TCGA-EJ-7314-01Z-00-DX1 50526 6503 3
TCGA-EJ-7314-01Z-00-DX1 47224 7603 3
TCGA-EJ-7314-01Z-00-DX1 48325 8704 3
TCGA-EJ-7314-01Z-00-DX1 53828 7603 3
TCGA-EJ-7314-01Z-00-DX1 45023 52727 3
TCGA-EJ-7314-01Z-00-DX1 41721 10905 3
TCGA-EJ-7314-01Z-00-DX1 46124 7603 3
TCGA-EJ-7314-01Z-00-DX1 60431 6503 3
TCGA-EJ-7314-01Z-00-DX1 49425 5402 3
TCGA-EJ-7314-01Z-00-DX1 45023 8704 3
TCGA-EJ-7314-01Z-00-DX1 46124 52727 3
TCGA-EJ-7314-01Z-00-DX1 35423 42319 3
TCGA-EJ-7314-01Z-00-DX1 23889 9515 3
TCGA-EJ-7314-01Z-00-DX1 32461 713 3
