TCGA-CH-5762-01Z-00-DX1 51570 15291 0
TCGA-CH-5762-01Z-00-DX1 52670 16390 0
TCGA-CH-5762-01Z-00-DX1 55968 9794 0
TCGA-CH-5762-01Z-00-DX1 51570 11993 0
TCGA-CH-5762-01Z-00-DX1 49371 13092 0
TCGA-CH-5762-01Z-00-DX1 49371 16390 0
TCGA-CH-5762-01Z-00-DX1 54868 14191 0
TCGA-CH-5762-01Z-00-DX1 51570 17490 0
TCGA-CH-5762-01Z-00-DX1 51570 14191 0
TCGA-CH-5762-01Z-00-DX1 55968 10893 0
TCGA-CH-5762-01Z-00-DX1 57067 7595 0
TCGA-CH-5762-01Z-00-DX1 50471 13092 0
TCGA-CH-5762-01Z-00-DX1 54868 17490 0
TCGA-CH-5762-01Z-00-DX1 47173 16390 0
TCGA-CH-5762-01Z-00-DX1 57067 9794 0
TCGA-CH-5762-01Z-00-DX1 52670 9794 0
TCGA-CH-5762-01Z-00-DX1 52670 18589 0
TCGA-CH-5762-01Z-00-DX1 51570 18589 0
TCGA-CH-5762-01Z-00-DX1 52670 13092 0
TCGA-CH-5762-01Z-00-DX1 54868 18589 0
TCGA-CH-5762-01Z-00-DX1 44323 32038 0
TCGA-CH-5762-01Z-00-DX1 47668 25350 0
TCGA-CH-5762-01Z-00-DX1 47131 18271 0
TCGA-CH-5762-01Z-00-DX1 39290 3936 0
TCGA-CH-5762-01Z-00-DX1 43456 4099 0
TCGA-CH-5762-01Z-00-DX1 45617 33927 1
TCGA-CH-5762-01Z-00-DX1 42765 30920 1
TCGA-CH-5762-01Z-00-DX1 48433 29037 1
TCGA-CH-5762-01Z-00-DX1 47056 28877 1
TCGA-CH-5762-01Z-00-DX1 47231 27809 1
TCGA-CH-5762-01Z-00-DX1 48738 27534 1
TCGA-CH-5762-01Z-00-DX1 47554 22514 1
TCGA-CH-5762-01Z-00-DX1 47809 19701 1
TCGA-CH-5762-01Z-00-DX1 59266 42775 2
TCGA-CH-5762-01Z-00-DX1 61465 43875 2
TCGA-CH-5762-01Z-00-DX1 11993 20788 2
TCGA-CH-5762-01Z-00-DX1 4297 20788 2
TCGA-CH-5762-01Z-00-DX1 63663 40576 2
TCGA-CH-5762-01Z-00-DX1 5396 8695 2
TCGA-CH-5762-01Z-00-DX1 63663 37278 2
TCGA-CH-5762-01Z-00-DX1 65862 39477 2
TCGA-CH-5762-01Z-00-DX1 68061 38378 2
TCGA-CH-5762-01Z-00-DX1 4297 17490 2
TCGA-CH-5762-01Z-00-DX1 52670 27384 2
TCGA-CH-5762-01Z-00-DX1 62564 39477 2
TCGA-CH-5762-01Z-00-DX1 54868 27384 2
TCGA-CH-5762-01Z-00-DX1 65862 38378 2
TCGA-CH-5762-01Z-00-DX1 59266 40576 2
TCGA-CH-5762-01Z-00-DX1 10893 17490 2
TCGA-CH-5762-01Z-00-DX1 10893 14191 2
TCGA-CH-5762-01Z-00-DX1 5396 9794 2
TCGA-CH-5762-01Z-00-DX1 6496 19688 2
TCGA-CH-5762-01Z-00-DX1 8695 24086 2
TCGA-CH-5762-01Z-00-DX1 48150 33602 2
TCGA-CH-5762-01Z-00-DX1 46711 32714 2
TCGA-CH-5762-01Z-00-DX1 50497 32387 2
TCGA-CH-5762-01Z-00-DX1 43184 30130 2
TCGA-CH-5762-01Z-00-DX1 45076 29940 2
TCGA-CH-5762-01Z-00-DX1 46311 29269 2
TCGA-CH-5762-01Z-00-DX1 44911 27229 2
TCGA-CH-5762-01Z-00-DX1 53912 27876 2
TCGA-CH-5762-01Z-00-DX1 38315 23264 2
TCGA-CH-5762-01Z-00-DX1 44419 20424 2
TCGA-CH-5762-01Z-00-DX1 43938 15666 2
TCGA-CH-5762-01Z-00-DX1 36187 19289 2
TCGA-CH-5762-01Z-00-DX1 39513 15572 2
TCGA-CH-5762-01Z-00-DX1 35131 13686 2
TCGA-CH-5762-01Z-00-DX1 40925 11707 2
TCGA-CH-5762-01Z-00-DX1 42873 12345 2
TCGA-CH-5762-01Z-00-DX1 45974 10200 2
TCGA-CH-5762-01Z-00-DX1 41048 10044 2
TCGA-CH-5762-01Z-00-DX1 43751 10112 2
TCGA-CH-5762-01Z-00-DX1 35579 10334 2
TCGA-CH-5762-01Z-00-DX1 1153 8768 2
TCGA-CH-5762-01Z-00-DX1 40515 6435 2
TCGA-CH-5762-01Z-00-DX1 39215 4913 2
TCGA-CH-5762-01Z-00-DX1 40320 4698 2
TCGA-CH-5762-01Z-00-DX1 38082 4143 2
TCGA-CH-5762-01Z-00-DX1 5663 2461 2
TCGA-CH-5762-01Z-00-DX1 1867 3740 2
TCGA-CH-5762-01Z-00-DX1 3471 1533 2
TCGA-CH-5762-01Z-00-DX1 54868 24086 3
TCGA-CH-5762-01Z-00-DX1 47173 18589 3
TCGA-CH-5762-01Z-00-DX1 5396 11993 3
TCGA-CH-5762-01Z-00-DX1 13092 16390 3
TCGA-CH-5762-01Z-00-DX1 7595 11993 3
TCGA-CH-5762-01Z-00-DX1 8695 10893 3
TCGA-CH-5762-01Z-00-DX1 54868 22986 3
TCGA-CH-5762-01Z-00-DX1 49371 22986 3
TCGA-CH-5762-01Z-00-DX1 47173 24086 3
TCGA-CH-5762-01Z-00-DX1 49371 20788 3
TCGA-CH-5762-01Z-00-DX1 47173 19688 3
TCGA-CH-5762-01Z-00-DX1 55968 22986 3
TCGA-CH-5762-01Z-00-DX1 8695 9794 3
TCGA-CH-5762-01Z-00-DX1 47173 20788 3
TCGA-CH-5762-01Z-00-DX1 6496 13092 3
TCGA-CH-5762-01Z-00-DX1 15291 14191 3
TCGA-CH-5762-01Z-00-DX1 9794 13092 3
TCGA-CH-5762-01Z-00-DX1 6496 10893 3
TCGA-CH-5762-01Z-00-DX1 14191 15291 3
TCGA-CH-5762-01Z-00-DX1 48272 21887 3
TCGA-CH-5762-01Z-00-DX1 47832 32809 3
TCGA-CH-5762-01Z-00-DX1 45761 12866 3
TCGA-CH-5762-01Z-00-DX1 38351 11548 3
TCGA-CH-5762-01Z-00-DX1 4466 5185 3
